300661,圣邦股份,47 ,4 ,3.59
600707,彩虹股份,74 ,5 ,0
603337,杰克股份,100,2 ,1.46
002138,顺络电子,43 ,22,0.9
603096,新经典  ,94 ,0 ,0
002120,韵达股份,78 ,0 ,0
300408,三环集团,95 ,0 ,0
300086,康芝药业,44 ,4 ,0
002866,传艺科技,18 ,0 ,0
300572,安车检测,87 ,4 ,0
300681,英搏尔  ,23 ,0 ,0
603496,恒为科技,19 ,0 ,0
002901,大博医疗,10 ,0 ,0
300699,光威复材,8  ,0 ,0
300152,科融环境,18 ,13,0
603233,大参林  ,57 ,0 ,0
300669,沪宁股份,10 ,0 ,0
600556,ST慧球  ,56 ,6 ,0
300457,赢合科技,31 ,6 ,0
300616,尚品宅配,109,13,0
603040,新坐标  ,34 ,0 ,0
603977,国泰集团,47 ,0 ,0
002699,美盛文化,103,10,0
000736,中交地产,97 ,5 ,0
002240,威华股份,54 ,4 ,0
300220,金运激光,25 ,0 ,0
300481,濮阳惠成,14 ,0 ,0
300334,津膜科技,16 ,22,0
300081,恒信东方,46 ,4 ,0
603617,君禾股份,12 ,0 ,0
603228,景旺电子,49 ,0 ,0
002792,通宇通讯,6  ,0 ,0
300596,利安隆  ,74 ,17,3.25
300458,全志科技,24 ,0 ,2.44
600119,长江投资,19 ,13,0.22
300619,金银河  ,5  ,0 ,0
603960,克来机电,66 ,0 ,4.3
600262,北方股份,64 ,11,0
300285,国瓷材料,57 ,0 ,0
600242,中昌数据,60 ,6 ,0
300687,赛意信息,11 ,0 ,0
600271,航天信息,66 ,14,1.96
603665,康隆达  ,54 ,4 ,0
603076,乐惠国际,11 ,6 ,1.35
300277,海联讯  ,21 ,4 ,0
002372,伟星新材,146,6 ,0
600530,交大昂立,49 ,13,0
002843,泰嘉股份,10 ,11,0
603899,晨光文具,143,0 ,0
600681,百川能源,59 ,13,1.21
300691,联合光电,15 ,0 ,0
002547,春兴精工,15 ,2 ,0
600270,外运发展,91 ,0 ,3.48
000799,酒鬼酒  ,19 ,0 ,0
600886,国投电力,90 ,12,1.47
002405,四维图新,13 ,0 ,0
603330,上海天洋,13 ,14,0
603388,元成股份,28 ,0 ,0
002582,好想你  ,29 ,0 ,0
603688,石英股份,57 ,0 ,0
300322,硕贝德  ,27 ,0 ,0
002323,*ST百特 ,12 ,0 ,0
603605,珀莱雅  ,27 ,0 ,0
300666,江丰电子,6  ,0 ,0
600436,片仔癀  ,110,0 ,0
600315,上海家化,113,0 ,0
300379,东方通  ,28 ,3 ,0
603933,睿能科技,4  ,0 ,0
603703,盛洋科技,14 ,0 ,0
600310,桂东电力,63 ,7 ,0
300508,维宏股份,5  ,0 ,0
002850,科达利  ,17 ,0 ,0
300657,弘信电子,11 ,0 ,0
300613,富瀚微  ,7  ,0 ,0
300609,汇纳科技,14 ,13,0
300140,中环装备,9  ,6 ,0
002246,北化股份,17 ,10,0
600779,水井坊  ,69 ,0 ,2.42
603978,深圳新星,10 ,0 ,0
603200,上海洗霸,8  ,7 ,0
603179,新泉股份,27 ,6 ,0
603877,太平鸟  ,79 ,0 ,0
600884,杉杉股份,21 ,0 ,0
000869,张 裕Ａ ,91 ,5 ,2.77
300562,乐心医疗,10 ,0 ,0
002576,通达动力,11 ,6 ,0
603638,艾迪精密,64 ,0 ,1.43
000813,德展健康,80 ,13,0
300012,华测检测,63 ,0 ,3.81
300535,达威股份,9  ,4 ,0
603881,数据港  ,17 ,0 ,0
002837,英维克  ,5  ,0 ,0
600165,新日恒力,27 ,0 ,0
300536,农尚环境,5  ,13,0
002600,领益智造,11 ,0 ,0
002214,大立科技,14 ,0 ,0
000688,建新矿业,107,0 ,2.94
603806,福斯特  ,98 ,0 ,0
601005,重庆钢铁,137,6 ,0
300483,沃施股份,69 ,3 ,0
300685,艾德生物,19 ,0 ,0
603416,信捷电气,21 ,0 ,0
300642,透景生命,27 ,0 ,0
000155,川化股份,30 ,5 ,0
300237,美晨生态,82 ,14,0.73
300567,精测电子,72 ,0 ,0
002192,融捷股份,27 ,4 ,0
000615,京汉股份,8  ,4 ,0
603226,菲林格尔,17 ,6 ,0
603110,东方材料,5  ,0 ,0
002740,爱迪尔  ,53 ,4 ,0
600038,中直股份,44 ,4 ,0
300635,达安股份,3  ,10,0
002824,和胜股份,7  ,5 ,0
002520,日发精机,58 ,4 ,0
000922,*ST佳电 ,54 ,17,0
300090,盛运环保,22 ,2 ,0
002891,中宠股份,8  ,0 ,0
002851,麦格米特,40 ,0 ,1.92
002333,罗普斯金,88 ,10,1.79
300651,金陵体育,13 ,1 ,0
603019,中科曙光,23 ,0 ,0
300593,新雷能  ,11 ,0 ,0.04
002884,凌霄泵业,30 ,4 ,0
300260,新莱应材,87 ,25,3.98
603882,金域医学,7  ,0 ,0
603500,祥和实业,5  ,4 ,0
603260,合盛硅业,7  ,0 ,0
603055,台华新材,7  ,0 ,0
300617,安靠智电,23 ,4 ,0
300585,奥联电子,5  ,0 ,0
603707,健友股份,69 ,0 ,0
600197,伊力特  ,38 ,2 ,2.31
600083,博信股份,107,0 ,0
002025,航天电器,51 ,26,1.46
603833,欧派家居,95 ,3 ,0
002044,美年健康,118,0 ,0
000553,沙隆达Ａ,29 ,0 ,1.03
300309,吉艾科技,85 ,0 ,0
002807,江阴银行,23 ,7 ,0
300466,赛摩电气,9  ,23,0
603689,皖天然气,8  ,6 ,0
300608,思特奇  ,21 ,0 ,0
300395,菲利华  ,44 ,0 ,0.6
300327,中颖电子,18 ,0 ,0
000004,国农科技,57 ,4 ,0
601021,春秋航空,86 ,0 ,0.59
603938,三孚股份,6  ,3 ,0
600760,中航沈飞,24 ,0 ,0
603519,立霸股份,54 ,10,0
600992,贵绳股份,43 ,4 ,0
600330,天通股份,22 ,0 ,0
300578,会畅通讯,10 ,0 ,0
300223,北京君正,7  ,0 ,0
002846,英联股份,3  ,12,0
002156,通富微电,19 ,0 ,0
002036,联创电子,27 ,0 ,0
000893,*ST东凌 ,15 ,0 ,0
600801,华新水泥,31 ,17,4.08
603579,荣泰健康,65 ,0 ,0
002810,山东赫达,18 ,5 ,0.75
600358,国旅联合,22 ,4 ,0
600276,恒瑞医药,142,0 ,0
600182,S佳通   ,49 ,0 ,0
603129,春风动力,7  ,4 ,0
603010,万盛股份,34 ,2 ,0
300554,三超新材,23 ,1 ,0
002853,皮阿诺  ,3  ,5 ,0
002409,雅克科技,15 ,0 ,0
000560,我爱我家,64 ,4 ,0
002621,三垒股份,71 ,0 ,3.87
603288,海天味业,171,0 ,0
603721,中广天择,7  ,0 ,0
603963,大理药业,4  ,0 ,0
600433,冠豪高新,52 ,13,0
600323,瀚蓝环境,57 ,13,1.05
600139,西部资源,30 ,4 ,0
300313,天山生物,33 ,3 ,0
002510,天汽模  ,9  ,0 ,0
002497,雅化集团,7  ,0 ,0
002806,华锋股份,15 ,0 ,0
600389,江山股份,69 ,0 ,1.54
002830,名雕股份,5  ,0 ,0
603822,嘉澳环保,13 ,0 ,0
603612,索通发展,20 ,0 ,0
600908,无锡银行,38 ,8 ,0
300213,佳讯飞鸿,6  ,7 ,0
603369,今世缘  ,85 ,0 ,1.72
600686,金龙汽车,50 ,0 ,0
002480,新筑股份,50 ,9 ,0.19
000301,东方市场,69 ,4 ,0
600360,华微电子,7  ,5 ,0
300222,科大智能,11 ,0 ,0
603628,清源股份,7  ,6 ,0
600602,云赛智联,53 ,13,0
300717,华信新材,4  ,0 ,0
002880,卫光生物,5  ,14,0
002766,索菱股份,8  ,0 ,0
000695,滨海能源,56 ,10,0
600265,ST景谷  ,92 ,0 ,1.08
300725,药石科技,8  ,0 ,0
300056,三维丝  ,11 ,9 ,1.46
002179,中航光电,92 ,0 ,0
603708,家家悦  ,27 ,2 ,0
002863,今飞凯达,7  ,0 ,0
603396,金辰股份,7  ,0 ,0
603357,设计总院,4  ,5 ,0
600698,湖南天雁,15 ,6 ,0.95
600696,ST岩石  ,54 ,3 ,0
600571,信雅达  ,12 ,10,0
600379,宝光股份,66 ,13,0
600267,海正药业,65 ,0 ,0
600213,亚星客车,7  ,4 ,0
300712,永福股份,3  ,0 ,0
300488,恒锋工具,24 ,5 ,0
300243,瑞丰高材,58 ,0 ,0
300137,先河环保,16 ,14,0
300096,易联众  ,18 ,7 ,0
300018,中元股份,18 ,6 ,0
002912,中新赛克,15 ,0 ,0
002389,南洋科技,34 ,14,0
002362,汉王科技,6  ,4 ,0
002141,贤丰控股,50 ,6 ,0
603008,喜临门  ,61 ,4 ,0.34
600345,长江通信,18 ,0 ,3.54
300429,强力新材,51 ,7 ,0
300270,中威电子,48 ,0 ,0
600009,上海机场,131,0 ,0
300413,快乐购  ,42 ,0 ,0
000889,茂业通信,78 ,4 ,0
603903,中持股份,15 ,22,0
603860,中公高科,5  ,0 ,0
603444,吉比特  ,23 ,0 ,0
600104,上汽集团,159,0 ,0
300689,澄天伟业,7  ,0 ,0
300672,国科微  ,4  ,0 ,0
300639,凯普生物,7  ,0 ,0
300494,盛天网络,5  ,0 ,0
300474,景嘉微  ,8  ,0 ,0
300113,顺网科技,9  ,0 ,0
300085,银之杰  ,18 ,0 ,0
002896,中大力德,5  ,0 ,0
002336,人人乐  ,66 ,12,0
002217,合力泰  ,46 ,10,0
000403,ST生化  ,88 ,0 ,0
600280,中央商场,63 ,0 ,2.21
603036,如通股份,5  ,5 ,0
002690,美亚光电,63 ,0 ,3.18
000636,风华高科,24 ,0 ,0
603823,百合花  ,10 ,0 ,0.69
603991,至正股份,38 ,11,0
603320,迪贝电气,4  ,0 ,0
603183,建研院  ,4  ,5 ,0
603159,上海亚虹,4  ,0 ,0
603079,圣达生物,4  ,0 ,0
600898,国美通讯,35 ,0 ,0
600191,华资实业,28 ,12,0
300268,佳沃股份,14 ,4 ,0
300219,鸿利智汇,58 ,0 ,0
002297,博云新材,10 ,10,0.08
002183,怡 亚 通,43 ,4 ,0
002015,霞客环保,58 ,6 ,0
000633,合金投资,27 ,17,2.05
002209,达 意 隆,26 ,14,1.02
002065,东华软件,24 ,10,0.86
603843,正平股份,30 ,5 ,0
603776,永安行  ,8  ,0 ,0
600661,新南洋  ,112,13,0
600587,新华医疗,60 ,0 ,0
300622,博士眼镜,10 ,4 ,0
300050,世纪鼎利,15 ,4 ,0
002770,科迪乳业,21 ,1 ,0
002580,圣阳股份,5  ,7 ,0
000968,蓝焰控股,37 ,15,0.48
603969,银龙股份,43 ,6 ,0
603616,韩建河山,7  ,5 ,0
603466,风语筑  ,4  ,14,0
603197,保隆科技,23 ,0 ,0
603181,皇马科技,4  ,0 ,0
603138,海量数据,3  ,0 ,0
603042,华脉科技,5  ,0 ,0
603030,全筑股份,62 ,6 ,0
600990,四创电子,25 ,4 ,0
600893,航发动力,56 ,7 ,0
600879,航天电子,33 ,4 ,0
600523,贵航股份,48 ,10,0
600446,金证股份,30 ,7 ,0
600105,永鼎股份,48 ,12,0
300649,杭州园林,4  ,0 ,0
300587,天铁股份,20 ,9 ,0
300575,中旗股份,16 ,0 ,0
300541,先进数通,11 ,0 ,0
300531,优博讯  ,6  ,23,0
300406,九强生物,49 ,0 ,0
300386,飞天诚信,9  ,4 ,0
300380,安硕信息,9  ,0 ,0
300375,鹏翎股份,31 ,5 ,0
300328,宜安科技,46 ,4 ,0
300288,朗玛信息,9  ,5 ,0
300184,力源信息,14 ,0 ,0
300087,荃银高科,68 ,0 ,0
300059,东方财富,22 ,8 ,0
300053,欧比特  ,9  ,7 ,0
300051,三五互联,6  ,7 ,0
300024,机器人  ,30 ,0 ,0
002827,高争民爆,6  ,6 ,1.97
002826,易明医药,12 ,0 ,0
002657,中科金财,17 ,0 ,0
002649,博彦科技,11 ,0 ,0
002317,众生药业,40 ,0 ,0
002149,西部材料,26 ,5 ,0
002079,苏州固锝,16 ,0 ,0
002063,远光软件,17 ,0 ,0
000953,ST河化  ,41 ,5 ,0
000801,四川九洲,30 ,11,0
000717,韶钢松山,22 ,6 ,2.9
000538,云南白药,124,0 ,0
603699,纽威股份,114,10,0
601998,中信银行,122,15,0
600770,综艺股份,23 ,0 ,0
300629,新劲刚  ,6  ,6 ,0
300465,高伟达  ,5  ,0 ,0
300367,东方网力,11 ,8 ,0
300264,佳创视讯,40 ,14,0
002777,久远银海,18 ,6 ,0.68
002264,新 华 都,7  ,0 ,0
000670,盈方微  ,11 ,5 ,0
300146,汤臣倍健,24 ,17,3.33
601799,星宇股份,150,0 ,0
603887,城地股份,38 ,14,0.15
603728,鸣志电器,51 ,4 ,0
603725,天安新材,2  ,5 ,0
603527,众源新材,3  ,4 ,0
600516,方大炭素,14 ,14,0.23
600238,*ST椰岛 ,27 ,0 ,1.14
600141,兴发集团,21 ,23,0.89
600095,哈高科  ,6  ,10,0.14
300716,国立科技,3  ,0 ,0
300590,移为通信,11 ,0 ,0
300498,温氏股份,76 ,5 ,0.67
300427,红相股份,17 ,0 ,0
002506,协鑫集成,66 ,3 ,1.04
000935,四川双马,31 ,15,0
000519,中兵红箭,9  ,0 ,0
600569,安阳钢铁,20 ,6 ,2.68
600209,*ST罗顿 ,12 ,0 ,0
300713,英可瑞  ,7  ,0 ,0
002604,*ST龙力 ,18 ,4 ,0
002127,南极电商,88 ,0 ,0
603660,苏州科达,47 ,0 ,0
603322,超讯通信,6  ,0 ,0
603007,花王股份,38 ,3 ,0
600797,浙大网新,7  ,0 ,0
600667,太极实业,11 ,10,0
600416,湘电股份,42 ,4 ,0
600363,联创光电,37 ,0 ,0
300606,金太阳  ,28 ,2 ,0
300582,英飞特  ,16 ,0 ,0
300468,四方精创,32 ,0 ,0
300430,诚益通  ,43 ,3 ,0
300377,赢时胜  ,11 ,24,0
300294,博雅生物,65 ,2 ,0
300179,四方达  ,46 ,0 ,0
300008,天海防务,8  ,6 ,0.72
002768,国恩股份,25 ,1 ,0
002549,凯美特气,64 ,11,0
002382,蓝帆医疗,67 ,0 ,0
002129,中环股份,18 ,0 ,0
000936,华西股份,10 ,7 ,0
000534,万泽股份,93 ,3 ,0
002038,双鹭药业,62 ,0 ,0
603909,合诚股份,39 ,11,0.41
603826,坤彩科技,10 ,14,0.89
603757,大元泵业,10 ,0 ,0
603367,辰欣药业,10 ,0 ,0
603365,水星家纺,11 ,0 ,0
601882,海天精工,10 ,4 ,0
601003,柳钢股份,67 ,14,3.38
600877,ST嘉陵  ,43 ,7 ,0
600580,卧龙电气,47 ,13,0
600203,福日电子,41 ,2 ,0
600171,上海贝岭,10 ,0 ,0
300675,建科院  ,7  ,4 ,0
300631,久吾高科,10 ,0 ,0
300500,启迪设计,6  ,10,0
300435,中泰股份,44 ,6 ,0
300428,四通新材,13 ,5 ,0
300374,恒通科技,10 ,4 ,0
300365,恒华科技,54 ,0 ,0
300344,太空智造,4  ,5 ,0
300276,三丰智能,14 ,0 ,0
300209,天泽信息,25 ,0 ,0
300203,聚光科技,37 ,13,0
300183,东软载波,24 ,0 ,0
300181,佐力药业,11 ,4 ,0
300134,大富科技,8  ,8 ,0
300109,新开源  ,27 ,0 ,0
300092,科新机电,24 ,13,0
300046,台基股份,16 ,0 ,0
002883,中设股份,5  ,0 ,0
002825,纳尔股份,9  ,17,0
002457,青龙管业,6  ,14,0
002402,和而泰  ,19 ,0 ,0
002373,千方科技,30 ,6 ,0
002312,三泰控股,21 ,8 ,0
002233,塔牌集团,26 ,6 ,0.96
002151,北斗星通,4  ,0 ,0
002024,苏宁易购,60 ,0 ,0
000997,新 大 陆,24 ,7 ,0
000868,安凯客车,7  ,7 ,0
000856,冀东装备,4  ,4 ,0
000595,宝塔实业,45 ,4 ,0.51
600984,建设机械,63 ,27,2.31
603883,老百姓  ,112,0 ,0
600802,福建水泥,11 ,19,1.54
600781,辅仁药业,39 ,0 ,0
600161,天坛生物,57 ,0 ,0
600153,建发股份,74 ,11,0
600074,*ST保千 ,11 ,3 ,0.72
300393,中来股份,24 ,7 ,0
300133,华策影视,47 ,6 ,0
300052,中青宝  ,7  ,5 ,0
002899,英派斯  ,11 ,4 ,0
002430,杭氧股份,72 ,14,0.9
002143,印纪传媒,26 ,2 ,1.03
002020,京新药业,31 ,13,0
000733,振华科技,24 ,0 ,0.58
000010,美丽生态,26 ,3 ,3.51
300577,开润股份,86 ,0 ,0
603787,新日股份,13 ,5 ,0
603677,奇精机械,20 ,12,0
603659,璞泰来  ,13 ,0 ,0.85
603602,纵横通信,5  ,0 ,0
603338,浙江鼎力,79 ,12,0.89
600782,新钢股份,28 ,17,3.37
600282,南钢股份,23 ,16,2.32
600028,中国石化,147,6 ,0.8
600011,华能国际,95 ,0 ,2.16
300663,科蓝软件,5  ,0 ,1.06
300645,正元智慧,5  ,0 ,0
300621,维业股份,6  ,4 ,0
300620,光库科技,7  ,0 ,0
300560,中富通  ,7  ,0 ,0
300409,道氏技术,28 ,0 ,0
300400,劲拓股份,31 ,23,1.91
300388,国祯环保,55 ,0 ,0.28
300147,香雪制药,31 ,3 ,0
300124,汇川技术,101,0 ,0
002905,金逸影视,4  ,2 ,0
002667,鞍重股份,22 ,23,0
002645,华宏科技,55 ,5 ,0
002544,杰赛科技,33 ,4 ,0
002397,梦洁股份,28 ,13,0
002304,洋河股份,142,0 ,0.49
002279,久其软件,23 ,6 ,0
002278,神开股份,35 ,20,2.55
002255,海陆重工,59 ,10,0
002110,三钢闽光,18 ,16,3.15
000821,京山轻机,36 ,0 ,0
000789,万年青  ,7  ,17,1.95
603999,读者传媒,13 ,10,0
603998,方盛制药,44 ,3 ,0
603996,中新科技,8  ,6 ,0
603993,洛阳钼业,72 ,0 ,0
603990,麦迪科技,47 ,6 ,0
603989,艾华集团,74 ,13,0
603988,中电电机,24 ,11,0
603987,康德莱  ,32 ,0 ,0
603986,兆易创新,42 ,0 ,0
603985,恒润股份,27 ,4 ,0
603980,吉华集团,23 ,6 ,0
603979,金诚信  ,59 ,6 ,0
603976,正川股份,8  ,0 ,0
603970,中农立华,5  ,0 ,0
603968,醋化股份,59 ,13,0
603966,法兰泰克,14 ,10,0.09
603959,百利科技,79 ,9 ,0
603958,哈森股份,9  ,10,0
603955,大千生态,29 ,6 ,0
603939,益丰药房,139,0 ,0
603937,丽岛新材,3  ,6 ,0
603936,博敏电子,4  ,0 ,0.88
603929,亚翔集成,6  ,0 ,0
603928,兴业股份,3  ,0 ,0
603926,铁流股份,17 ,4 ,0
603922,金鸿顺  ,1  ,0 ,0
603920,世运电路,6  ,0 ,0
603919,金徽酒  ,12 ,6 ,0
603918,金桥信息,22 ,4 ,0
603917,合力科技,2  ,0 ,0
603916,苏博特  ,1  ,13,0
603912,佳力图  ,3  ,0 ,0
603908,牧高笛  ,5  ,0 ,0
603906,龙蟠科技,14 ,11,0
603901,永创智能,5  ,0 ,0
603900,莱绅通灵,12 ,0 ,0
603898,好莱客  ,36 ,0 ,0
603896,寿仙谷  ,6  ,0 ,0
603895,天永智能,5  ,0 ,0
603890,春秋电子,2  ,0 ,0
603889,新澳股份,68 ,6 ,0
603888,新华网  ,29 ,4 ,0
603886,元祖股份,29 ,0 ,3.42
603885,吉祥航空,86 ,0 ,0
603879,永悦科技,5  ,0 ,0
603878,武进不锈,8  ,6 ,0
603871,嘉友国际,6  ,0 ,0
603869,新智认知,68 ,13,0
603868,飞科电器,12 ,17,0
603866,桃李面包,73 ,0 ,0
603861,白云电器,29 ,6 ,0
603859,能科股份,10 ,0 ,0
603858,步长制药,19 ,0 ,0
603856,东宏股份,4  ,6 ,0.53
603855,华荣股份,34 ,6 ,0
603848,好太太  ,5  ,0 ,0
603839,安正时尚,28 ,0 ,0
603829,洛凯股份,2  ,0 ,0
603828,柯利达  ,64 ,0 ,0
603819,神力股份,7  ,0 ,0
603818,曲美家居,67 ,4 ,0
603817,海峡环保,15 ,10,0
603816,顾家家居,52 ,2 ,0
603813,原尚股份,3  ,0 ,0
603811,诚意药业,19 ,0 ,1.31
603809,豪能股份,2  ,0 ,0
603808,歌力思  ,64 ,0 ,0
603803,瑞斯康达,10 ,0 ,0
603801,志邦股份,64 ,3 ,0
603800,道森股份,8  ,0 ,0
603799,华友钴业,40 ,0 ,0
603798,康普顿  ,7  ,0 ,0
603797,联泰环保,1  ,10,0
603789,星光农机,49 ,17,0
603788,宁波高发,78 ,0 ,0
603779,威龙股份,7  ,6 ,0
603778,乾景园林,11 ,0 ,0
603777,来伊份  ,4  ,0 ,0
603768,常青股份,14 ,0 ,0
603767,中马传动,5  ,4 ,0
603766,隆鑫通用,62 ,11,0
603758,秦安股份,17 ,0 ,0
603738,泰晶科技,15 ,0 ,0
603737,三棵树  ,52 ,0 ,0
603730,岱美股份,28 ,0 ,0
603729,龙韵股份,32 ,0 ,0
603727,博迈科  ,8  ,4 ,0
603726,朗迪集团,11 ,0 ,0
603722,阿科力  ,13 ,0 ,0
603718,海利生物,64 ,0 ,3.11
603717,天域生态,16 ,5 ,0
603716,塞力斯  ,33 ,0 ,0
603712,七一二  ,2  ,0 ,0
603711,香飘飘  ,1  ,0 ,0
603709,中源家居,0  ,0 ,0
603701,德宏股份,15 ,0 ,0
603698,航天工程,77 ,7 ,0
603696,安记食品,18 ,1 ,0
603690,至纯科技,10 ,0 ,0
603686,龙马环卫,45 ,13,0
603685,晨丰科技,1  ,4 ,0
603683,晶华新材,1  ,0 ,0
603680,DR今创集,0  ,13,0
603679,华体科技,23 ,0 ,0.66
603678,火炬电子,60 ,0 ,0
603676,卫信康  ,1  ,0 ,0
603669,灵康药业,63 ,0 ,0
603668,天马科技,23 ,0 ,0
603667,五洲新春,19 ,0 ,0
603663,三祥新材,16 ,14,0
603661,恒林股份,1  ,0 ,0
603658,安图生物,91 ,0 ,2.56
603656,泰禾光电,32 ,13,0
603655,朗博科技,0  ,0 ,0
603648,畅联股份,2  ,0 ,0
603639,海利尔  ,12 ,3 ,0
603637,镇海股份,11 ,0 ,0
603633,徕木股份,17 ,0 ,0
603630,拉芳家化,12 ,0 ,0.89
603626,科森科技,13 ,6 ,0
603619,中曼石油,1  ,4 ,0
603618,杭电股份,56 ,0 ,0
603615,茶花股份,3  ,0 ,0
603611,诺力股份,61 ,4 ,0
603609,禾丰牧业,61 ,0 ,0.03
603608,天创时尚,20 ,12,0
603607,京华激光,0  ,0 ,0
603606,东方电缆,80 ,22,0
603603,博天环境,37 ,13,0
603601,再升科技,70 ,0 ,0
603600,永艺股份,53 ,6 ,0
603599,广信股份,61 ,10,0
603598,引力传媒,8  ,0 ,0
603595,东尼电子,33 ,0 ,0
603589,口子窖  ,99 ,0 ,2.52
603588,高能环境,53 ,13,0
603586,金麒麟  ,22 ,4 ,0
603585,苏利股份,23 ,14,0
603580,艾艾精工,5  ,14,0
603578,三星新材,5  ,23,0
603577,汇金通  ,8  ,13,0
603569,长久物流,23 ,0 ,0.03
603568,伟明环保,81 ,4 ,1.15
603567,珍宝岛  ,83 ,0 ,0
603566,普莱柯  ,85 ,0 ,0
603559,中通国脉,2  ,0 ,0
603558,健盛集团,58 ,0 ,0
603557,起步股份,3  ,4 ,0
603556,海兴电力,51 ,6 ,0
603555,贵人鸟  ,84 ,4 ,0
603538,美诺华  ,25 ,6 ,0
603536,惠发股份,3  ,11,0
603535,嘉诚国际,4  ,0 ,0
603533,掌阅科技,2  ,0 ,0
603528,多伦科技,8  ,0 ,0
603520,司太立  ,10 ,4 ,0
603518,维格娜丝,50 ,0 ,0
603517,绝味食品,42 ,0 ,0.62
603516,淳中科技,11 ,0 ,0
603515,欧普照明,40 ,4 ,0
603508,思维列控,20 ,0 ,0
603507,振江股份,2  ,8 ,0
603506,南都物业,0  ,0 ,0
603505,XD金石资,2  ,0 ,0
603499,翔港科技,0  ,0 ,0
603488,展鹏科技,17 ,13,0
603477,振静股份,1  ,0 ,0
603458,勘设股份,4  ,0 ,0
603456,九洲药业,48 ,1 ,0
603429,集友股份,58 ,21,1.94
603421,鼎信通讯,5  ,0 ,0
603399,吉翔股份,84 ,0 ,0
603398,邦宝益智,1  ,0 ,0
603393,新天然气,8  ,7 ,0.09
603389,亚振家居,7  ,14,0
603387,基蛋生物,24 ,0 ,0
603385,惠达卫浴,37 ,0 ,0
603383,顶点软件,9  ,0 ,0
603380,易德龙  ,0  ,0 ,0
603378,亚士创能,2  ,0 ,0
603377,东方时尚,39 ,0 ,0
603368,柳药股份,46 ,0 ,0
603366,日出东方,40 ,10,0
603363,傲农生物,7  ,0 ,0
603360,百傲化学,41 ,0 ,0
603359,东珠生态,11 ,23,0
603358,华达科技,43 ,4 ,0
603356,华菱精工,6  ,0 ,0
603355,莱克电气,79 ,0 ,0
603345,安井食品,57 ,0 ,3.87
603339,四方冷链,3  ,0 ,0
603336,宏辉果蔬,6  ,0 ,0
603335,迪生力  ,0  ,0 ,0
603333,明星电缆,73 ,5 ,0
603331,百达精工,3  ,0 ,0
603329,上海雅仕,0  ,0 ,0
603328,XD依顿电,66 ,0 ,0
603326,我乐家居,9  ,7 ,0
603323,吴江银行,20 ,8 ,0
603321,梅轮电梯,2  ,4 ,0
603319,湘油泵  ,26 ,0 ,0
603318,派思股份,55 ,3 ,0
603316,诚邦股份,28 ,4 ,0
603313,梦百合  ,20 ,6 ,0
603311,金海环境,64 ,11,0
603309,维力医疗,64 ,0 ,0
603308,应流股份,48 ,10,0
603306,华懋科技,78 ,11,0
603305,旭升股份,5  ,3 ,0
603303,得邦照明,12 ,17,0
603300,华铁科技,25 ,10,0
603299,井神股份,17 ,4 ,0
603298,杭叉集团,33 ,10,0
603289,泰瑞机器,2  ,4 ,0
603286,日盈电子,5  ,0 ,0
603283,赛腾股份,6  ,0 ,0
603278,大业股份,2  ,6 ,0
603277,银都股份,2  ,10,0
603269,海鸥股份,14 ,0 ,0
603268,松发股份,53 ,0 ,0
603266,天龙股份,5  ,13,0
603258,电魂网络,16 ,7 ,0
603239,浙江仙通,17 ,12,0
603238,诺邦股份,4  ,0 ,0
603232,格尔软件,23 ,0 ,0
603229,奥翔药业,2  ,0 ,0
603227,雪峰科技,61 ,13,0
603225,新凤鸣  ,6  ,14,0
603223,恒通股份,44 ,0 ,0
603222,济民制药,33 ,4 ,0
603218,日月股份,15 ,4 ,0
603208,江山欧派,33 ,6 ,0
603203,快克股份,45 ,13,0
603199,九华旅游,49 ,4 ,0
603198,迎驾贡酒,65 ,6 ,1.14
603196,日播时尚,2  ,10,0
603189,网达软件,10 ,0 ,0
603188,亚邦股份,39 ,23,0
603186,华正新材,10 ,0 ,0
603180,金牌厨柜,24 ,0 ,0
603178,圣龙股份,6  ,13,0
603177,德创环保,2  ,4 ,0
603169,兰石重装,71 ,10,0
603168,莎普爱思,32 ,3 ,0
603167,渤海轮渡,36 ,11,0
603166,福达股份,67 ,13,0
603165,荣晟环保,4  ,4 ,0
603161,科华控股,2  ,0 ,0
603160,汇顶科技,40 ,5 ,0
603158,腾龙股份,80 ,5 ,0
603157,拉夏贝尔,2  ,0 ,0
603156,养元饮品,8  ,0 ,0.05
603139,康惠制药,5  ,0 ,0
603136,天目湖  ,1  ,0 ,0
603133,碳元科技,12 ,0 ,0
603131,上海沪工,17 ,13,0
603128,华贸物流,33 ,4 ,0
603127,昭衍新药,10 ,0 ,0
603126,中材节能,33 ,10,0
603123,翠微股份,76 ,13,0
603118,共进股份,45 ,13,0
603117,万林股份,61 ,3 ,0
603116,红蜻蜓  ,77 ,2 ,0
603113,金能科技,29 ,14,0
603111,康尼机电,39 ,11,0
603108,润达医疗,28 ,0 ,1.23
603106,恒银金融,1  ,0 ,0
603103,横店影视,7  ,2 ,0
603101,汇嘉时代,9  ,12,0
603100,川仪股份,48 ,13,0
603099,长白山  ,34 ,12,0
603098,森特股份,20 ,10,0
603090,宏盛股份,10 ,0 ,0
603089,正裕工业,4  ,4 ,0
603088,宁波精达,21 ,0 ,0.09
603086,先达股份,20 ,0 ,1.88
603085,天成自控,6  ,0 ,0
603083,剑桥科技,2  ,4 ,0
603081,大丰实业,3  ,4 ,0
603080,新疆火炬,4  ,3 ,0
603078,江化微  ,12 ,0 ,0
603077,和邦生物,66 ,4 ,0
603069,海汽集团,13 ,4 ,0
603067,振华股份,10 ,0 ,0
603066,音飞储存,10 ,13,0
603063,禾望电气,50 ,4 ,0
603060,国检集团,18 ,15,0
603059,倍加洁  ,1  ,0 ,0
603058,永吉股份,20 ,0 ,0
603056,德邦股份,7  ,0 ,0
603050,科林电气,6  ,4 ,0
603043,广州酒家,24 ,0 ,3.66
603041,美思德  ,18 ,0 ,0
603039,泛微网络,79 ,0 ,0
603038,华立股份,35 ,11,0
603037,凯众股份,29 ,13,0
603035,常熟汽饰,27 ,0 ,0
603033,三维股份,18 ,13,0
603032,德新交运,22 ,0 ,0
603031,安德利  ,14 ,6 ,0
603029,天鹅股份,6  ,0 ,0
603028,赛福天  ,15 ,13,0
603027,千禾味业,19 ,0 ,0
603026,石大胜华,18 ,0 ,0
603025,大豪科技,84 ,14,0
603023,威帝股份,68 ,11,0
603022,新通联  ,40 ,12,0
603021,山东华鹏,46 ,14,0
603020,爱普股份,51 ,13,0
603018,中设集团,65 ,6 ,0
603017,中衡设计,66 ,18,0
603015,弘讯科技,49 ,13,0
603012,创力集团,68 ,10,0
603011,合锻智能,31 ,4 ,0
603009,北特科技,20 ,7 ,0
603006,联明股份,5  ,0 ,0
603005,晶方科技,16 ,0 ,0
603003,龙宇燃油,49 ,7 ,0
603002,宏昌电子,19 ,13,0
603001,奥康国际,63 ,12,0
603000,人民网  ,50 ,10,0
601999,出版传媒,66 ,7 ,0
601997,贵阳银行,36 ,8 ,0
601996,丰林集团,53 ,3 ,0
601992,金隅集团,59 ,16,0
601991,大唐发电,88 ,20,0
601989,中国重工,65 ,10,0
601988,中国银行,131,5 ,0
601985,中国核电,88 ,10,0
601969,海南矿业,73 ,6 ,0
601968,宝钢包装,69 ,10,0
601966,玲珑轮胎,38 ,0 ,0
601965,中国汽研,81 ,0 ,0
601958,金钼股份,71 ,7 ,0
601952,苏垦农发,5  ,20,0
601949,中国出版,11 ,12,0
601939,建设银行,50 ,7 ,0
601933,永辉超市,70 ,5 ,0
601929,吉视传媒,73 ,11,0
601928,凤凰传媒,84 ,0 ,0
601919,中远海控,80 ,6 ,0
601918,新集能源,44 ,11,1.42
601908,京运通  ,70 ,13,0
601901,方正证券,81 ,6 ,0
601900,南方传媒,28 ,17,0
601899,紫金矿业,51 ,5 ,0
601898,中煤能源,91 ,12,0
601890,亚星锚链,32 ,10,0
601888,中国国旅,136,2 ,0
601886,江河集团,67 ,6 ,0
601881,中国银河,18 ,6 ,0
601880,大连港  ,81 ,6 ,0
601878,浙商证券,33 ,7 ,0
601877,正泰电器,99 ,11,0
601872,招商轮船,82 ,10,0
601866,中远海发,87 ,10,0
601858,中国科传,1  ,3 ,0
601857,中国石油,104,4 ,0
601838,成都银行,4  ,7 ,0
601828,美凯龙  ,2  ,4 ,0
601818,光大银行,102,7 ,0
601811,新华文轩,41 ,5 ,0
601808,中海油服,78 ,5 ,0
601801,皖新传媒,73 ,18,0
601800,中国交建,101,7 ,0
601798,*ST蓝科 ,60 ,15,0
601789,宁波建工,52 ,10,0
601788,光大证券,79 ,13,0
601777,力帆股份,62 ,11,0
601766,中国中车,90 ,7 ,0
601718,际华集团,71 ,13,0
601717,郑煤机  ,50 ,10,0
601700,风范股份,55 ,10,0
601699,潞安环能,37 ,6 ,0
601689,拓普集团,30 ,0 ,0
601688,华泰证券,49 ,13,0
601678,滨化股份,38 ,4 ,0
601677,明泰铝业,59 ,7 ,0
601669,中国电建,91 ,6 ,0
601668,中国建筑,86 ,7 ,0
601666,平煤股份,45 ,10,0
601636,旗滨集团,30 ,13,0
601633,长城汽车,109,0 ,0
601628,中国人寿,121,17,0
601619,嘉泽新能,19 ,2 ,0
601618,中国中冶,88 ,13,0
601616,广电电气,72 ,12,0
601611,中国核建,52 ,7 ,0
601608,中信重工,77 ,14,0
601607,上海医药,72 ,0 ,0
601601,中国太保,111,7 ,0
601600,中国铝业,37 ,7 ,0
601599,鹿港文化,36 ,6 ,0
601595,上海电影,29 ,14,0
601588,北辰实业,73 ,7 ,0
601579,会稽山  ,69 ,13,0
601567,三星医疗,86 ,0 ,0
601566,九牧王  ,73 ,0 ,0
601558,ST锐电  ,63 ,5 ,0
601555,东吴证券,70 ,5 ,0
601519,大智慧  ,64 ,5 ,0
601518,吉林高速,36 ,10,0
601515,东风股份,87 ,20,0
601500,通用股份,9  ,0 ,0
601398,工商银行,174,7 ,0
601388,怡球资源,38 ,6 ,0
601377,兴业证券,69 ,0 ,0
601375,中原证券,33 ,7 ,0
601369,陕鼓动力,92 ,10,0
601368,绿城水务,83 ,13,0
601366,利群股份,31 ,10,0
601360,三六零  ,15 ,3 ,0
601339,百隆东方,81 ,0 ,0
601336,新华保险,52 ,17,0.56
601333,广深铁路,75 ,13,0
601328,交通银行,109,5 ,0
601326,秦港股份,13 ,10,0
601318,中国平安,84 ,16,0
601311,骆驼股份,75 ,13,0
601288,农业银行,163,6 ,0
601258,庞大集团,50 ,7 ,0
601238,广汽集团,114,6 ,0
601233,桐昆股份,65 ,6 ,0.52
601231,环旭电子,70 ,3 ,0
601229,上海银行,70 ,5 ,0
601228,广州港  ,31 ,10,0
601226,XD华电重,80 ,10,0
601225,陕西煤业,71 ,6 ,0
601222,林洋能源,50 ,10,0
601218,吉鑫科技,66 ,7 ,0
601216,君正集团,64 ,12,0
601212,白银有色,33 ,6 ,0
601211,国泰君安,81 ,6 ,0
601208,东材科技,65 ,9 ,0
601200,上海环境,48 ,10,0
601199,江南水务,67 ,6 ,0
601198,东兴证券,63 ,0 ,0
601188,XD龙江交,84 ,14,0
601186,中国铁建,85 ,13,0
601179,中国西电,90 ,14,0
601177,杭齿前进,70 ,7 ,0
601169,北京银行,95 ,6 ,0
601168,西部矿业,46 ,14,0
601166,兴业银行,93 ,7 ,0
601163,三角轮胎,39 ,14,0
601158,重庆水务,97 ,10,0
601155,新城控股,28 ,4 ,0
601139,深圳燃气,82 ,14,0
601137,博威合金,71 ,4 ,0
601128,常熟银行,31 ,7 ,0
601127,小康股份,26 ,0 ,0
601126,四方股份,72 ,13,0
601117,中国化学,83 ,6 ,0
601116,三江购物,16 ,0 ,0
601113,华鼎股份,109,4 ,0
601111,中国国航,106,4 ,0
601108,财通证券,0  ,7 ,0
601107,四川成渝,83 ,13,0
601106,中国一重,89 ,6 ,0
601101,昊华能源,47 ,10,0
601100,恒立液压,130,13,0
601099,太平洋  ,48 ,6 ,0
601098,中南传媒,84 ,0 ,0
601088,中国神华,155,6 ,0
601086,国芳集团,0  ,10,0
601069,西部黄金,17 ,4 ,0
601058,赛轮金宇,59 ,21,0
601038,一拖股份,42 ,22,0
601028,玉龙股份,61 ,0 ,0
601020,华钰矿业,42 ,5 ,0
601019,山东出版,10 ,10,0
601018,宁波港  ,94 ,4 ,0
601016,节能风电,66 ,13,0
601015,陕西黑猫,41 ,9 ,0
601012,隆基股份,64 ,6 ,0
601011,宝泰隆  ,23 ,12,0
601010,文峰股份,78 ,13,0
601009,南京银行,84 ,7 ,0
601008,连云港  ,47 ,12,0
601007,金陵饭店,46 ,6 ,0
601006,大秦铁路,113,16,0
601002,晋亿实业,23 ,13,0
601001,大同煤业,57 ,12,0
601000,唐山港  ,62 ,17,0
600999,招商证券,88 ,7 ,0
600998,九州通  ,82 ,11,0
600997,开滦股份,52 ,6 ,0
600996,贵广网络,24 ,13,0
600995,文山电力,38 ,12,0
600993,马应龙  ,33 ,4 ,0
600988,赤峰黄金,10 ,4 ,0
600987,航民股份,62 ,10,0
600986,科达股份,44 ,0 ,0
600985,雷鸣科化,25 ,3 ,0
600983,惠而浦  ,39 ,0 ,1.18
600982,宁波热电,68 ,13,0
600981,汇鸿集团,21 ,8 ,0
600980,北矿科技,16 ,13,0
600979,广安爱众,64 ,9 ,0
600978,宜华生活,66 ,3 ,0
600977,中国电影,24 ,5 ,0
600976,健民集团,63 ,3 ,0
600975,新五丰  ,26 ,4 ,0
600973,宝胜股份,56 ,7 ,0
600971,恒源煤电,24 ,6 ,0
600970,中材国际,38 ,12,0
600969,郴电国际,50 ,9 ,0
600967,内蒙一机,39 ,5 ,0
600966,博汇纸业,39 ,6 ,0
600965,福成股份,85 ,13,0
600963,岳阳林纸,34 ,12,0
600962,国投中鲁,14 ,4 ,0.88
600961,株冶集团,73 ,3 ,0
600960,渤海汽车,35 ,12,0
600959,江苏有线,83 ,11,0
600958,东方证券,80 ,9 ,0
600939,重庆建工,38 ,7 ,0
600936,广西广电,78 ,7 ,0
600933,爱柯迪  ,1  ,0 ,0
600926,杭州银行,56 ,14,0
600919,江苏银行,63 ,7 ,0
600917,重庆燃气,75 ,14,0
600909,华安证券,67 ,7 ,0
600903,贵州燃气,0  ,4 ,0
600901,江苏租赁,4  ,10,0
600900,长江电力,157,8 ,0
600897,厦门空港,66 ,4 ,0
600896,*ST海投 ,24 ,0 ,0
600895,张江高科,64 ,6 ,0
600894,广日股份,71 ,6 ,0
600892,大晟文化,33 ,0 ,0
600891,秋林集团,44 ,4 ,0
600890,中房股份,66 ,4 ,0
600889,南京化纤,24 ,12,0
600888,新疆众和,27 ,13,0
600887,伊利股份,59 ,0 ,0
600885,宏发股份,98 ,0 ,0
600883,博闻科技,47 ,13,0
600882,广泽股份,82 ,7 ,0
600881,亚泰集团,75 ,16,0
600880,博瑞传播,39 ,10,0
600876,洛阳玻璃,14 ,13,0
600875,东方电气,62 ,10,0
600874,创业环保,21 ,12,0
600873,梅花生物,61 ,13,0
600872,中炬高新,95 ,0 ,0
600871,*ST油服 ,87 ,13,0
600870,*ST厦华 ,46 ,4 ,0
600869,智慧能源,72 ,5 ,0
600868,梅雁吉祥,25 ,8 ,0
600867,通化东宝,108,0 ,0
600866,星湖科技,44 ,14,0
600865,百大集团,32 ,13,0
600864,哈投股份,72 ,6 ,0
600863,内蒙华电,85 ,13,0
600862,中航高科,45 ,6 ,0
600861,北京城乡,58 ,10,0
600860,京城股份,66 ,10,0
600859,王府井  ,44 ,0 ,0
600858,银座股份,70 ,8 ,0
600857,宁波中百,72 ,15,0
600856,中天能源,19 ,5 ,0.41
600855,航天长峰,10 ,8 ,0
600854,春兰股份,45 ,13,0
600853,龙建股份,44 ,11,0
600851,海欣股份,93 ,5 ,0
600847,万里股份,30 ,3 ,0.92
600846,同济科技,12 ,14,0
600845,宝信软件,75 ,0 ,0
600843,上工申贝,61 ,10,0
600841,上柴股份,53 ,10,0
600839,四川长虹,53 ,6 ,0
600838,上海九百,16 ,13,0
600837,海通证券,65 ,6 ,0
600836,界龙实业,48 ,13,0
600835,上海机电,67 ,4 ,0
600834,申通地铁,77 ,9 ,0
600833,第一医药,26 ,2 ,0
600831,广电网络,49 ,10,0
600830,香溢融通,24 ,11,0
600829,人民同泰,69 ,13,0
600828,茂业商业,52 ,0 ,0
600827,百联股份,66 ,12,0
600826,XD兰生股,48 ,22,1.19
600825,新华传媒,67 ,4 ,0
600824,益民集团,73 ,13,0
600823,世茂股份,72 ,13,0
600822,上海物贸,19 ,6 ,0
600821,津劝业  ,53 ,3 ,0
600820,隧道股份,70 ,14,0
600819,耀皮玻璃,68 ,12,0
600818,中路股份,58 ,6 ,0
600817,ST宏盛  ,71 ,0 ,0
600816,安信信托,79 ,6 ,0
600815,厦工股份,58 ,5 ,0.11
600814,杭州解百,66 ,13,0
600812,华北制药,63 ,6 ,0
600810,神马股份,36 ,0 ,0
600809,山西汾酒,97 ,0 ,0
600808,马钢股份,44 ,14,0
600807,*ST天业 ,12 ,1 ,0
600805,悦达投资,65 ,13,0
600804,鹏博士  ,44 ,6 ,0
600803,新奥股份,43 ,6 ,0
600798,宁波海运,41 ,10,0
600795,国电电力,83 ,21,0
600794,保税科技,47 ,6 ,0
600793,宜宾纸业,28 ,13,0
600792,云煤能源,76 ,0 ,0
600791,京能置业,54 ,11,0
600790,轻纺城  ,60 ,10,0
600789,鲁抗医药,12 ,23,1.17
600787,中储股份,56 ,5 ,0
600785,新华百货,84 ,9 ,0
600784,鲁银投资,47 ,3 ,0
600783,鲁信创投,54 ,6 ,0
600780,通宝能源,62 ,5 ,0
600778,*ST友好 ,41 ,13,0
600777,新潮能源,14 ,4 ,0
600776,东方通信,41 ,14,0
600775,南京熊猫,42 ,0 ,0
600774,汉商集团,84 ,10,0
600773,西藏城投,37 ,15,0
600771,广誉远  ,96 ,0 ,0
600769,祥龙电业,42 ,5 ,0.24
600767,ST运盛  ,54 ,2 ,0
600765,中航重机,39 ,6 ,0
600763,通策医疗,87 ,1 ,0
600761,安徽合力,60 ,12,0
600758,红阳能源,43 ,11,0
600757,长江传媒,60 ,10,0
600756,浪潮软件,9  ,0 ,0
600755,厦门国贸,32 ,14,0
600754,锦江股份,101,0 ,0
600753,东方银星,39 ,0 ,0
600749,*ST藏旅 ,50 ,1 ,0
600748,上实发展,77 ,6 ,0
600747,ST大控  ,42 ,12,0
600746,江苏索普,49 ,6 ,0
600744,华银电力,59 ,13,0
600743,华远地产,70 ,7 ,0
600742,一汽富维,54 ,6 ,0
600741,华域汽车,108,5 ,0
600740,山西焦化,10 ,12,0
600739,辽宁成大,74 ,6 ,0
600738,兰州民百,61 ,14,0
600737,中粮糖业,52 ,15,0
600736,苏州高新,71 ,0 ,0
600735,新华锦  ,12 ,8 ,0
600734,实达集团,7  ,8 ,0
600732,ST新梅  ,57 ,6 ,0
600731,湖南海利,43 ,10,0
600730,中国高科,39 ,13,0
600729,重庆百货,82 ,0 ,2.31
600728,佳都科技,6  ,13,0
600727,鲁北化工,23 ,13,0
600726,华电能源,59 ,6 ,0
600725,ST云维  ,86 ,5 ,0
600723,首商股份,75 ,6 ,0
600722,金牛化工,30 ,7 ,0
600721,百花村  ,7  ,1 ,0
600720,祁连山  ,9  ,15,0
600719,大连热电,56 ,6 ,0
600718,东软集团,25 ,22,0
600717,天津港  ,71 ,6 ,0
600716,凤凰股份,45 ,13,0
600715,文投控股,7  ,0 ,0
600714,金瑞矿业,63 ,4 ,0
600713,南京医药,61 ,13,0
600712,南宁百货,59 ,7 ,0
600711,盛屯矿业,14 ,0 ,0
600710,苏美达  ,47 ,6 ,0
600708,光明地产,43 ,13,0
600706,曲江文旅,29 ,13,0
600705,中航资本,70 ,11,0
600704,物产中大,44 ,13,0
600703,三安光电,56 ,0 ,0
600702,舍得酒业,26 ,0 ,0
600699,均胜电子,50 ,5 ,0
600697,欧亚集团,46 ,0 ,0
600695,绿庭投资,35 ,4 ,0
600694,大商股份,64 ,0 ,0
600693,东百集团,57 ,5 ,0
600692,亚通股份,20 ,13,0
600691,阳煤化工,37 ,5 ,0
600690,青岛海尔,86 ,0 ,0
600689,上海三毛,8  ,12,0.48
600688,上海石化,84 ,6 ,0
600685,中船防务,43 ,11,0
600684,珠江实业,23 ,10,0
600683,京投发展,74 ,4 ,0
600682,南京新百,58 ,0 ,0
600679,上海凤凰,33 ,3 ,0
600677,航天通信,10 ,10,0.28
600676,交运股份,66 ,13,0
600675,中华企业,82 ,9 ,0
600674,川投能源,93 ,12,0
600673,东阳光科,86 ,0 ,0
600671,天目药业,37 ,0 ,0
600668,尖峰集团,31 ,12,0
600666,奥瑞德  ,2  ,10,0
600665,天地源  ,69 ,11,0
600664,哈药股份,56 ,0 ,0
600663,陆家嘴  ,92 ,13,0
600662,强生控股,37 ,14,0
600660,福耀玻璃,87 ,0 ,0
600658,电子城  ,77 ,13,0
600657,信达地产,54 ,12,0
600655,豫园股份,67 ,0 ,0
600654,ST中安  ,21 ,4 ,0
600653,申华控股,56 ,6 ,0
600652,游久游戏,23 ,7 ,0
600651,飞乐音响,30 ,10,0
600650,锦江投资,57 ,13,0
600649,城投控股,75 ,6 ,0
600648,外高桥  ,81 ,21,0
600647,同达创业,48 ,4 ,0
600645,中源协和,19 ,20,0
600644,乐山电力,71 ,13,0
600643,爱建集团,50 ,6 ,0
600642,申能股份,85 ,13,0
600640,号百控股,64 ,4 ,0
600639,浦东金桥,86 ,7 ,0
600638,新黄浦  ,67 ,3 ,0
600637,东方明珠,75 ,4 ,0
600636,三爱富  ,65 ,1 ,0
600635,大众公用,35 ,13,0
600634,*ST富控 ,3  ,0 ,0
600633,浙数文化,55 ,0 ,0
600630,龙头股份,27 ,10,0
600629,华建集团,78 ,7 ,0
600628,新世界  ,61 ,6 ,0
600626,申达股份,41 ,13,0
600624,复旦复华,33 ,14,0
600623,华谊集团,23 ,11,0
600622,光大嘉宝,59 ,13,0
600621,华鑫股份,11 ,3 ,0
600620,天宸股份,66 ,6 ,0
600619,海立股份,35 ,0 ,2.46
600618,氯碱化工,58 ,13,0
600617,国新能源,85 ,15,0
600616,金枫酒业,42 ,12,0
600615,丰华股份,48 ,13,0
600614,鹏起科技,33 ,4 ,0
600613,神奇制药,54 ,4 ,0
600612,老凤祥  ,79 ,0 ,0
600611,大众交通,55 ,11,0
600610,*ST毅达 ,8  ,0 ,0
600609,金杯汽车,63 ,4 ,0
600608,ST沪科  ,81 ,4 ,0
600606,绿地控股,61 ,6 ,0
600605,汇通能源,39 ,14,0
600604,市北高新,47 ,11,0
600603,广汇物流,50 ,10,0
600601,方正科技,47 ,22,0
600600,青岛啤酒,91 ,0 ,0
600599,熊猫金控,65 ,0 ,0
600598,北大荒  ,22 ,4 ,0
600597,光明乳业,54 ,14,0
600596,新安股份,26 ,0 ,0
600595,中孚实业,54 ,13,0
600594,益佰制药,15 ,0 ,0
600593,大连圣亚,87 ,6 ,0
600592,龙溪股份,32 ,22,0
600590,泰豪科技,59 ,13,0
600589,广东榕泰,54 ,13,0
600588,用友网络,59 ,0 ,0
600586,金晶科技,66 ,7 ,0
600585,海螺水泥,85 ,7 ,1.74
600584,长电科技,13 ,0 ,0
600583,海油工程,69 ,5 ,0
600582,天地科技,79 ,6 ,0
600581,八一钢铁,11 ,6 ,2.54
600579,天华院  ,21 ,0 ,0
600578,京能电力,91 ,13,0
600577,精达股份,23 ,7 ,0
600576,祥源文化,33 ,4 ,0
600575,皖江物流,78 ,7 ,0
600573,惠泉啤酒,29 ,11,0
600572,康恩贝  ,56 ,0 ,1.73
600570,恒生电子,26 ,0 ,0
600568,中珠医疗,18 ,2 ,0
600567,山鹰纸业,38 ,4 ,0
600566,济川药业,129,0 ,0
600565,迪马股份,53 ,6 ,0
600563,法拉电子,54 ,0 ,2.22
600562,国睿科技,52 ,12,1.12
600561,江西长运,44 ,14,0
600560,金自天正,8  ,10,0
600559,老白干酒,37 ,15,0.61
600558,大西洋  ,52 ,10,0
600557,康缘药业,45 ,0 ,0
600555,海航创新,14 ,5 ,0
600552,凯盛科技,34 ,13,0
600551,时代出版,70 ,12,0
600550,保变电气,59 ,10,0
600549,厦门钨业,36 ,4 ,0
600548,深高速  ,101,12,0
600547,山东黄金,26 ,4 ,0
600546,山煤国际,56 ,6 ,0
600545,卓郎智能,57 ,6 ,0
600543,莫高股份,39 ,4 ,0
600540,新赛股份,12 ,4 ,0
600539,*ST狮头 ,29 ,12,0
600538,国发股份,48 ,0 ,0
600537,亿晶光电,63 ,13,0
600536,中国软件,23 ,0 ,0
600535,天士力  ,77 ,0 ,0
600533,栖霞建设,46 ,6 ,0
600532,宏达矿业,6  ,0 ,0
600531,豫光金铅,23 ,5 ,0
600529,山东药玻,77 ,0 ,2.91
600528,中铁工业,67 ,7 ,0
600527,江南高纤,49 ,6 ,0
600526,菲达环保,47 ,7 ,0
600525,长园集团,33 ,0 ,0
600522,中天科技,23 ,14,0
600521,华海药业,101,0 ,0
600520,文一科技,10 ,4 ,0
600519,贵州茅台,140,0 ,0
600518,康美药业,126,0 ,0
600517,置信电气,55 ,12,0
600513,联环药业,23 ,0 ,0
600512,腾达建设,32 ,13,0
600511,国药股份,25 ,14,0
600510,黑牡丹  ,83 ,6 ,0
600509,天富能源,65 ,4 ,0
600508,上海能源,60 ,6 ,0
600507,方大特钢,33 ,14,0
600505,西昌电力,62 ,11,0
600503,华丽家族,41 ,0 ,0
600502,安徽水利,43 ,12,0
600501,航天晨光,26 ,10,0
600500,中化国际,66 ,13,0
600499,科达洁能,29 ,5 ,0
600498,烽火通信,32 ,23,0.89
600497,驰宏锌锗,53 ,6 ,0
600496,精工钢构,55 ,10,0
600495,晋西车轴,48 ,6 ,0
600493,凤竹纺织,53 ,0 ,0
600491,龙元建设,44 ,7 ,0
600489,中金黄金,38 ,5 ,0
600488,天药股份,70 ,4 ,0
600487,亨通光电,34 ,13,0
600486,扬农化工,99 ,0 ,0
600483,福能股份,79 ,15,0.4
600482,中国动力,50 ,4 ,0
600481,双良节能,76 ,4 ,0
600480,凌云股份,25 ,7 ,0
600479,千金药业,41 ,0 ,0
600478,科力远  ,60 ,4 ,0
600477,杭萧钢构,44 ,6 ,0
600476,湘邮科技,14 ,0 ,0
600475,华光股份,37 ,7 ,0
600470,六国化工,42 ,14,0
600469,风神股份,56 ,10,0
600468,百利电气,66 ,13,0.46
600467,好当家  ,61 ,11,0
600466,蓝光发展,64 ,5 ,0
600463,空港股份,44 ,6 ,0
600462,九有股份,11 ,7 ,0
600461,洪城水业,60 ,0 ,0
600460,士兰微  ,5  ,7 ,0
600459,贵研铂业,31 ,14,0
600458,时代新材,52 ,23,0
600456,宝钛股份,40 ,10,0
600455,博通股份,62 ,13,0
600452,涪陵电力,77 ,11,0
600449,宁夏建材,31 ,7 ,0
600448,华纺股份,3  ,0 ,0
600444,国机通用,37 ,10,0
600439,瑞贝卡  ,17 ,11,0
600438,通威股份,50 ,6 ,0
600435,北方导航,24 ,10,0
600429,三元股份,64 ,10,0
600428,中远海特,59 ,7 ,0
600426,华鲁恒升,68 ,5 ,0
600425,青松建化,45 ,7 ,0.3
600422,昆药集团,17 ,0 ,0
600421,ST仰帆  ,82 ,3 ,0
600420,现代制药,46 ,0 ,0
600419,天润乳业,42 ,0 ,0
600418,江淮汽车,60 ,4 ,0
600415,小商品城,82 ,6 ,0
600410,华胜天成,16 ,0 ,0
600409,三友化工,22 ,5 ,0
600408,*ST安泰 ,44 ,24,0
600406,国电南瑞,64 ,13,0
600405,动力源  ,23 ,4 ,0
600403,大有能源,87 ,8 ,0
600400,红豆股份,66 ,13,0
600398,海澜之家,127,0 ,0
600397,*ST安煤 ,54 ,13,0
600396,金山股份,72 ,10,0
600395,盘江股份,66 ,13,0
600393,粤泰股份,16 ,11,0
600392,盛和资源,12 ,6 ,0
600391,航发科技,19 ,8 ,0
600390,五矿资本,37 ,8 ,0
600388,龙净环保,47 ,10,0
600387,海越股份,23 ,13,0
600386,北巴传媒,55 ,10,0
600385,山东金泰,46 ,12,0
600383,金地集团,71 ,5 ,0
600382,广东明珠,49 ,6 ,0
600381,青海春天,10 ,4 ,0
600380,健康元  ,31 ,0 ,0
600378,天科股份,50 ,13,0
600377,宁沪高速,157,6 ,0
600376,首开股份,83 ,6 ,0
600375,华菱星马,47 ,3 ,0
600373,中文传媒,64 ,6 ,0
600372,中航电子,65 ,5 ,0.35
600371,万向德农,9  ,0 ,0
600370,三房巷  ,63 ,11,0
600369,西南证券,79 ,6 ,0
600368,五洲交通,59 ,13,0
600367,红星发展,21 ,13,0
600366,宁波韵升,55 ,0 ,0
600365,通葡股份,16 ,10,0
600362,江西铜业,37 ,6 ,0
600361,华联综超,38 ,13,0
600359,新农开发,11 ,3 ,0
600356,恒丰纸业,52 ,10,0
600355,精伦电子,35 ,9 ,0
600354,敦煌种业,4  ,4 ,0
600353,旭光股份,48 ,11,0
600352,浙江龙盛,32 ,0 ,0
600351,亚宝药业,32 ,13,1.12
600350,山东高速,96 ,13,0
600348,阳泉煤业,42 ,5 ,0
600346,恒力股份,62 ,14,0
600343,航天动力,23 ,7 ,0.21
600340,华夏幸福,65 ,4 ,0
600339,XD中油工,34 ,6 ,0.39
600338,西藏珠峰,6  ,10,0
600337,美克家居,69 ,2 ,0
600336,澳柯玛  ,53 ,10,0
600333,长春燃气,29 ,1 ,0
600332,白云山  ,68 ,0 ,2.15
600331,宏达股份,58 ,6 ,0
600329,中新药业,46 ,0 ,3.06
600328,兰太实业,16 ,10,0
600327,大东方  ,67 ,8 ,0
600326,西藏天路,22 ,14,0
600325,华发股份,26 ,6 ,0
600322,天房发展,79 ,0 ,0
600321,*ST正源 ,67 ,13,0
600320,振华重工,84 ,10,0
600319,亚星化学,22 ,8 ,0
600317,营口港  ,91 ,11,0
600316,洪都航空,30 ,7 ,0
600313,农发种业,11 ,0 ,0
600312,平高电气,64 ,11,0
600311,荣华实业,9  ,7 ,0
600309,万华化学,70 ,0 ,0
600308,华泰股份,42 ,5 ,0
600307,酒钢宏兴,64 ,7 ,0
600306,商业城  ,22 ,14,0
600305,恒顺醋业,44 ,0 ,1.83
600303,曙光股份,26 ,6 ,0
600302,标准股份,57 ,12,0
600301,ST南化  ,72 ,14,0
600300,维维股份,52 ,4 ,0
600299,安迪苏  ,71 ,5 ,0
600298,安琪酵母,83 ,0 ,0
600297,广汇汽车,83 ,8 ,0
600295,鄂尔多斯,29 ,13,0
600292,远达环保,59 ,10,0
600291,西水股份,30 ,10,0
600290,华仪电气,33 ,3 ,0
600289,*ST信通 ,33 ,3 ,0
600288,大恒科技,23 ,0 ,0
600287,江苏舜天,58 ,13,0
600285,羚锐制药,30 ,14,0
600284,浦东建设,59 ,13,0
600283,钱江水利,66 ,13,0
600281,太化股份,67 ,10,0
600279,重庆港九,53 ,10,0
600278,东方创业,55 ,13,0
600277,亿利洁能,74 ,15,0
600275,ST昌鱼  ,62 ,4 ,0
600273,嘉化能源,53 ,13,1.85
600272,开开实业,23 ,10,0
600269,赣粤高速,77 ,14,0
600268,国电南自,30 ,11,0
600266,北京城建,60 ,6 ,0
600261,阳光照明,53 ,12,0
600260,凯乐科技,36 ,0 ,0
600259,广晟有色,25 ,6 ,0
600258,首旅酒店,63 ,0 ,0
600257,大湖股份,29 ,12,0
600256,广汇能源,58 ,17,2.25
600255,梦舟股份,42 ,11,0
600252,中恒集团,65 ,4 ,0
600251,冠农股份,37 ,6 ,0
600250,南纺股份,45 ,11,0
600249,两面针  ,25 ,13,0
600248,延长化建,65 ,12,0
600247,*ST成城 ,64 ,7 ,0
600246,万通地产,78 ,4 ,0
600243,青海华鼎,48 ,4 ,0
600241,时代万恒,48 ,22,0
600240,华业资本,62 ,0 ,0
600239,云南城投,69 ,3 ,0
600237,铜峰电子,17 ,14,0
600236,桂冠电力,88 ,10,1.28
600235,民丰特纸,48 ,10,0
600234,ST山水  ,85 ,11,0
600233,圆通速递,63 ,11,0
600231,凌钢股份,28 ,6 ,0
600230,沧州大化,18 ,18,0
600229,城市传媒,46 ,0 ,0
600228,ST昌九  ,66 ,4 ,0
600227,圣济堂  ,25 ,3 ,0
600225,天津松江,65 ,6 ,0
600223,鲁商置业,69 ,12,0
600222,太龙药业,24 ,4 ,0
600221,海航控股,69 ,0 ,0
600220,江苏阳光,69 ,10,0
600219,南山铝业,55 ,12,0
600218,全柴动力,42 ,14,0
600216,浙江医药,40 ,0 ,0
600215,长春经开,58 ,12,0
600212,江泉实业,13 ,3 ,0
600211,西藏药业,53 ,0 ,0
600210,紫江企业,54 ,12,0
600208,新湖中宝,77 ,3 ,0
600207,安彩高科,16 ,4 ,0
600206,有研新材,9  ,10,0
600202,*ST哈空 ,32 ,14,0
600201,生物股份,66 ,0 ,0
600200,江苏吴中,43 ,4 ,0
600199,金种子酒,18 ,4 ,0.04
600198,*ST大唐 ,24 ,7 ,0
600196,复星医药,62 ,0 ,0
600195,中牧股份,61 ,0 ,0
600193,*ST创兴 ,37 ,13,0
600192,长城电工,27 ,13,0
600190,锦州港  ,84 ,13,0
600189,吉林森工,63 ,4 ,0
600188,兖州煤业,63 ,5 ,0
600187,国中水务,21 ,13,0
600186,莲花健康,31 ,10,0
600185,格力地产,61 ,6 ,0
600184,光电股份,64 ,22,0
600183,生益科技,51 ,23,0
600180,瑞茂通  ,73 ,4 ,0
600179,安通控股,48 ,0 ,0
600178,东安动力,32 ,6 ,0
600177,雅戈尔  ,80 ,5 ,0
600176,中国巨石,72 ,14,0
600173,卧龙地产,58 ,6 ,0
600172,黄河旋风,21 ,0 ,0
600170,上海建工,81 ,7 ,0
600169,太原重工,70 ,7 ,0
600168,武汉控股,68 ,10,0
600167,联美控股,97 ,5 ,0
600166,福田汽车,63 ,4 ,0
600163,中闽能源,77 ,10,0
600162,香江控股,66 ,6 ,0
600160,巨化股份,33 ,14,0
600159,大龙地产,64 ,7 ,0
600158,中体产业,10 ,0 ,1.71
600156,华升股份,37 ,11,0
600155,华创阳安,52 ,5 ,0
600152,维科技术,29 ,0 ,0
600151,航天机电,52 ,10,0
600150,*ST船舶 ,39 ,14,0
600149,ST坊展  ,38 ,3 ,0
600148,长春一东,16 ,10,0
600143,金发科技,78 ,4 ,0
600138,中青旅  ,52 ,0 ,0
600137,浪莎股份,25 ,10,0
600136,当代明诚,31 ,5 ,0
600135,乐凯胶片,17 ,7 ,0.12
600133,东湖高新,13 ,4 ,0
600132,重庆啤酒,101,24,2.21
600131,岷江水电,54 ,23,3.38
600130,波导股份,12 ,11,0.68
600129,太极集团,58 ,0 ,0
600128,弘业股份,40 ,10,0
600127,金健米业,47 ,8 ,0
600126,杭钢股份,62 ,13,0
600125,铁龙物流,17 ,7 ,0
600123,兰花科创,46 ,7 ,0
600121,郑州煤电,41 ,6 ,0
600120,浙江东方,52 ,13,0
600118,中国卫星,51 ,6 ,0
600117,西宁特钢,12 ,10,0.99
600116,三峡水利,53 ,7 ,0
600115,东方航空,73 ,3 ,0
600114,东睦股份,60 ,0 ,0
600113,浙江东日,10 ,14,0
600111,北方稀土,33 ,6 ,0
600110,诺德股份,19 ,4 ,0
600109,国金证券,47 ,6 ,0
600108,亚盛集团,45 ,5 ,0
600107,美尔雅  ,36 ,7 ,0
600106,重庆路桥,50 ,10,0
600103,青山纸业,57 ,13,0
600101,明星电力,46 ,13,0
600100,同方股份,50 ,0 ,0.32
600099,林海股份,20 ,8 ,0.26
600098,广州发展,87 ,13,0
600097,开创国际,57 ,10,0
600096,云天化  ,55 ,14,0
600094,大名城  ,83 ,4 ,0
600093,XD易见股,33 ,14,0
600091,ST明科  ,64 ,0 ,0
600090,同济堂  ,32 ,7 ,0
600089,特变电工,66 ,13,0
600088,中视传媒,50 ,6 ,0
600085,同仁堂  ,87 ,0 ,0
600084,中葡股份,17 ,4 ,0
600082,海泰发展,62 ,8 ,0
600081,东风科技,59 ,5 ,0
600080,金花股份,53 ,0 ,1.03
600079,人福医药,27 ,3 ,0
600078,澄星股份,58 ,10,0
600077,宋都股份,67 ,6 ,0
600076,康欣新材,19 ,13,0
600075,新疆天业,38 ,6 ,0
600073,上海梅林,35 ,17,0
600072,中船科技,24 ,11,0
600071,凤凰光学,63 ,6 ,0
600070,浙江富润,67 ,4 ,0
600069,银鸽投资,50 ,4 ,0
600068,葛洲坝  ,47 ,12,0
600067,冠城大通,72 ,4 ,0
600066,宇通客车,81 ,0 ,0
600064,南京高科,74 ,5 ,0
600063,皖维高新,57 ,13,0
600062,华润双鹤,67 ,0 ,0
600061,国投资本,87 ,6 ,0
600060,海信电器,49 ,0 ,0
600059,古越龙山,53 ,13,0
600058,五矿发展,72 ,7 ,0
600057,厦门象屿,78 ,13,0
600056,中国医药,51 ,6 ,0
600055,万东医疗,46 ,0 ,0
600054,黄山旅游,52 ,0 ,0
600053,九鼎投资,61 ,10,0
600052,浙江广厦,58 ,3 ,0
600051,宁波联合,41 ,14,0
600050,中国联通,56 ,14,0
600048,保利地产,78 ,6 ,0
600039,四川路桥,64 ,13,0
600037,歌华有线,62 ,5 ,0
600036,招商银行,151,7 ,0
600035,楚天高速,73 ,7 ,0
600033,福建高速,86 ,6 ,0
600031,三一重工,45 ,12,1.08
600030,中信证券,48 ,7 ,0
600029,南方航空,49 ,3 ,0
600027,华电国际,72 ,0 ,1.64
600026,中远海能,72 ,12,0
600025,华能水电,7  ,10,0
600023,浙能电力,98 ,21,0
600021,上海电力,57 ,10,0
600020,中原高速,70 ,15,0
600019,宝钢股份,121,14,0
600018,上港集团,125,4 ,0
600017,日照港  ,63 ,6 ,0
600016,民生银行,90 ,7 ,0
600015,华夏银行,95 ,7 ,0
600012,皖通高速,72 ,13,0
600010,包钢股份,71 ,13,0
600008,首创股份,57 ,6 ,0
600007,中国国贸,100,13,0
600006,东风汽车,69 ,7 ,0
600004,白云机场,104,0 ,0
600000,浦发银行,106,16,0
300741,华宝股份,0  ,0 ,0
300739,明阳电路,4  ,0 ,0
300738,奥飞数据,1  ,0 ,0
300737,科顺股份,3  ,5 ,0
300736,百华悦邦,2  ,0 ,0
300735,光弘科技,3  ,0 ,0
300733,西菱动力,1  ,0 ,0
300732,设研院  ,1  ,3 ,0
300731,科创新源,5  ,0 ,0
300730,科创信息,8  ,0 ,0
300729,乐歌股份,6  ,0 ,0
300727,润禾材料,3  ,0 ,0
300726,宏达电子,2  ,0 ,0
300723,一品红  ,7  ,0 ,0
300722,新余国科,1  ,0 ,0
300721,怡达股份,2  ,0 ,0
300720,海川智能,1  ,5 ,0
300719,安达维尔,0  ,0 ,0
300718,长盛轴承,5  ,0 ,0
300715,凯伦股份,11 ,0 ,0
300711,广哈通信,0  ,0 ,0
300710,万隆光电,5  ,0 ,0
300709,精研科技,2  ,0 ,0
300708,聚灿光电,1  ,2 ,0
300707,威唐工业,3  ,0 ,0
300706,阿石创  ,3  ,0 ,0
300705,九典制药,0  ,0 ,0
300703,创源文化,3  ,0 ,0
300702,天宇股份,5  ,0 ,0
300701,森霸传感,7  ,0 ,0
300700,岱勒新材,3  ,0 ,0
300698,万马科技,5  ,0 ,0
300697,电工合金,2  ,0 ,0
300696,爱乐达  ,2  ,0 ,0
300695,兆丰股份,5  ,0 ,0
300693,盛弘股份,8  ,0 ,0
300692,中环环保,2  ,0 ,0
300690,双一科技,6  ,0 ,0
300688,创业黑马,0  ,0 ,0
300686,智动力  ,6  ,0 ,0
300684,中石科技,7  ,0 ,0.88
300682,朗新科技,0  ,0 ,0
300680,隆盛科技,12 ,0 ,0
300679,电连技术,23 ,0 ,0
300678,中科信息,3  ,0 ,0
300677,英科医疗,6  ,0 ,0
300676,华大基因,41 ,0 ,0
300673,佩蒂股份,30 ,0 ,3.78
300671,富满电子,12 ,0 ,0
300668,杰恩设计,11 ,0 ,0
300667,必创科技,6  ,0 ,0
300665,飞鹿股份,7  ,5 ,0
300664,鹏鹞环保,1  ,3 ,0
300662,科锐国际,11 ,3 ,1.68
300660,江苏雷利,19 ,6 ,0
300659,中孚信息,3  ,0 ,0
300658,延江股份,2  ,0 ,0
300656,民德电子,7  ,0 ,0
300655,晶瑞股份,8  ,0 ,0
300654,世纪天鸿,8  ,0 ,0
300653,正海生物,14 ,0 ,0
300652,雷迪克  ,3  ,0 ,0
300650,太龙照明,8  ,0 ,0
300648,星云股份,14 ,0 ,0
300647,超频三  ,10 ,0 ,7.38
300644,南京聚隆,13 ,0 ,0
300643,万通智控,6  ,0 ,0
300641,正丹股份,32 ,4 ,0
300640,德艺文创,9  ,0 ,0
300638,广和通  ,6  ,0 ,0
300637,扬帆新材,25 ,0 ,3.75
300636,同和药业,14 ,0 ,0
300634,彩讯股份,0  ,0 ,0
300633,开立医疗,47 ,0 ,0
300632,光莆股份,4  ,0 ,0
300630,普利制药,89 ,0 ,0
300628,亿联网络,25 ,0 ,0
300627,华测导航,10 ,0 ,0
300626,华瑞股份,29 ,0 ,0
300625,三雄极光,11 ,10,0
300624,万兴科技,16 ,0 ,0
300623,捷捷微电,11 ,0 ,0
300618,寒锐钴业,13 ,0 ,2.44
300615,欣天科技,8  ,0 ,0
300612,宣亚国际,1  ,0 ,0
300611,美力科技,6  ,0 ,0
300610,晨化股份,6  ,4 ,0
300607,拓斯达  ,25 ,0 ,0
300605,恒锋信息,11 ,0 ,0
300604,长川科技,22 ,0 ,0
300602,飞荣达  ,26 ,0 ,0
300601,康泰生物,62 ,0 ,0
300600,瑞特股份,38 ,4 ,0
300599,雄塑科技,4  ,15,0.31
300598,诚迈科技,19 ,0 ,0
300597,吉大通信,5  ,0 ,0
300595,欧普康视,81 ,0 ,0
300592,华凯创意,8  ,0 ,0
300591,万里马  ,3  ,13,0
300589,江龙船艇,2  ,0 ,0
300588,熙菱信息,8  ,0 ,0
300586,美联新材,7  ,0 ,0
300584,海辰药业,45 ,0 ,0
300583,赛托生物,10 ,0 ,0
300581,晨曦航空,9  ,0 ,0
300580,贝斯特  ,1  ,0 ,0
300579,数字认证,7  ,0 ,0
300576,容大感光,7  ,0 ,0
300573,兴齐眼药,20 ,4 ,0
300571,平治信息,50 ,0 ,0
300570,太辰光  ,1  ,0 ,0
300569,天能重工,20 ,6 ,0
300568,星源材质,39 ,0 ,0
300566,激智科技,17 ,0 ,0
300565,科信技术,5  ,0 ,0
300563,神宇股份,7  ,0 ,0
300561,汇金科技,12 ,0 ,0
300559,佳发教育,61 ,0 ,0
300558,贝达药业,29 ,0 ,0
300557,理工光科,10 ,0 ,0
300556,丝路视觉,7  ,0 ,0
300555,路通视信,6  ,0 ,0
300553,集智股份,6  ,0 ,0
300552,万集科技,7  ,0 ,0
300551,古鳌科技,17 ,0 ,0
300550,和仁科技,15 ,0 ,0
300549,优德精密,10 ,0 ,0
300548,博创科技,5  ,0 ,0
300547,川环科技,12 ,3 ,0
300546,雄帝科技,13 ,0 ,0
300545,联得装备,6  ,0 ,0
300543,朗科智能,6  ,0 ,0
300542,新晨科技,2  ,0 ,0
300540,深冷股份,15 ,0 ,0
300539,横河模具,4  ,0 ,0
300538,同益股份,12 ,0 ,0
300537,广信材料,4  ,0 ,0
300534,陇神戎发,9  ,0 ,0
300533,冰川网络,10 ,5 ,0
300532,今天国际,18 ,4 ,0
300530,达志科技,9  ,5 ,0
300529,健帆生物,53 ,0 ,0
300528,幸福蓝海,7  ,0 ,0
300527,中国应急,44 ,0 ,0
300526,中潜股份,6  ,0 ,0
300525,博思软件,38 ,4 ,0
300523,辰安科技,84 ,0 ,0
300522,世名科技,10 ,0 ,0
300521,爱司凯  ,16 ,3 ,0
300519,新光药业,15 ,0 ,0
300518,盛讯达  ,44 ,0 ,0
300517,海波重科,39 ,5 ,1.72
300516,久之洋  ,30 ,7 ,0
300515,三德科技,2  ,0 ,0
300514,友讯达  ,5  ,0 ,0.08
300513,恒泰实达,41 ,0 ,0
300512,中亚股份,13 ,0 ,0
300511,雪榕生物,7  ,3 ,0
300509,新美星  ,9  ,0 ,0
300507,苏奥传感,10 ,6 ,0
300506,名家汇  ,17 ,0 ,0
300505,川金诺  ,5  ,0 ,0
300503,昊志机电,7  ,0 ,0
300502,新易盛  ,6  ,0 ,0
300501,海顺新材,19 ,17,0
300499,高澜股份,26 ,0 ,0
300497,富祥股份,59 ,0 ,0
300496,中科创达,11 ,0 ,0
300495,美尚生态,16 ,5 ,0
300493,润欣科技,8  ,0 ,0
300492,山鼎设计,5  ,13,0
300491,通合科技,8  ,0 ,0
300490,华自科技,18 ,0 ,0
300489,中飞股份,19 ,11,0
300487,蓝晓科技,13 ,0 ,0
300486,东杰智能,13 ,0 ,0
300485,赛升药业,38 ,0 ,0
300484,蓝海华腾,5  ,0 ,0
300482,万孚生物,64 ,0 ,2.16
300480,光力科技,15 ,2 ,0
300479,神思电子,7  ,0 ,0
300478,杭州高新,66 ,0 ,0
300477,合纵科技,10 ,0 ,0
300476,胜宏科技,23 ,0 ,0
300475,聚隆科技,62 ,11,0
300473,德尔股份,52 ,0 ,0
300472,新元科技,39 ,0 ,0
300471,厚普股份,4  ,4 ,0
300470,日机密封,71 ,0 ,2.16
300469,信息发展,15 ,0 ,0
300467,迅游科技,27 ,22,0
300464,星徽精密,6  ,0 ,0
300463,迈克生物,54 ,0 ,1.46
300462,华铭智能,4  ,0 ,0
300461,田中精机,66 ,0 ,0
300460,惠伦晶体,41 ,0 ,0.75
300459,金科文化,42 ,4 ,0
300456,耐威科技,24 ,20,0.88
300455,康拓红外,37 ,7 ,0
300453,三鑫医疗,21 ,0 ,0
300452,山河药辅,5  ,0 ,0
300451,创业软件,15 ,0 ,0
300450,先导智能,44 ,0 ,0
300449,汉邦高科,12 ,0 ,0
300448,浩云科技,65 ,0 ,0
300447,全信股份,38 ,3 ,0
300446,乐凯新材,35 ,3 ,0
300445,康斯特  ,40 ,13,0
300444,双杰电气,14 ,0 ,0
300443,金雷风电,35 ,7 ,0
300442,普丽盛  ,42 ,11,0
300441,鲍斯股份,65 ,0 ,0
300440,运达科技,32 ,7 ,0
300439,美康生物,42 ,0 ,1.95
300438,鹏辉能源,23 ,0 ,0
300437,清水源  ,30 ,0 ,0
300436,广生堂  ,18 ,4 ,0
300434,金石东方,17 ,0 ,0
300433,蓝思科技,11 ,0 ,0
300432,富临精工,39 ,7 ,0
300431,暴风集团,2  ,7 ,0
300426,唐德影视,20 ,0 ,0
300425,环能科技,18 ,0 ,0
300424,航新科技,33 ,0 ,0.79
300423,鲁亿通  ,47 ,0 ,1.54
300422,博世科  ,20 ,0 ,0
300421,力星股份,48 ,11,0
300420,五洋停车,31 ,14,0
300419,浩丰科技,5  ,7 ,0
300418,昆仑万维,17 ,5 ,0
300417,南华仪器,11 ,0 ,0
300416,苏试试验,53 ,14,0.19
300415,伊之密  ,31 ,4 ,0
300414,中光防雷,57 ,0 ,0
300412,迦南科技,18 ,14,0.64
300411,金盾股份,4  ,0 ,0
300410,正业科技,41 ,2 ,0
300407,凯发电气,11 ,0 ,0
300405,科隆股份,40 ,4 ,0
300404,博济医药,27 ,0 ,0
300403,地尔汉宇,36 ,0 ,0
300402,宝色股份,13 ,11,0
300401,花园生物,32 ,0 ,0
300399,京天利  ,41 ,10,0
300398,飞凯材料,47 ,0 ,0
300397,天和防务,11 ,7 ,0
300396,迪瑞医疗,80 ,0 ,0
300394,天孚通信,26 ,0 ,0
300392,腾信股份,26 ,9 ,0
300391,康跃科技,18 ,13,0
300390,天华超净,15 ,0 ,0
300389,艾比森  ,89 ,0 ,4
300387,富邦股份,57 ,6 ,0
300385,雪浪环境,25 ,0 ,0
300384,三联虹普,22 ,0 ,0
300383,光环新网,28 ,0 ,0.3
300382,斯莱克  ,63 ,6 ,0
300381,溢多利  ,68 ,5 ,0
300378,鼎捷软件,15 ,0 ,0
300376,易事特  ,56 ,0 ,0
300373,扬杰科技,22 ,0 ,0
300371,汇中股份,20 ,6 ,0
300370,安控科技,21 ,10,0
300369,绿盟科技,40 ,4 ,0
300368,汇金股份,10 ,7 ,0
300366,创意信息,8  ,11,0
300364,中文在线,14 ,12,0
300363,博腾股份,26 ,0 ,0
300360,炬华科技,35 ,13,0
300359,全通教育,9  ,6 ,0
300358,楚天科技,21 ,7 ,0
300357,我武生物,102,0 ,0
300356,光一科技,5  ,3 ,0
300355,蒙草生态,8  ,4 ,0
300354,东华测试,8  ,12,0
300353,东土科技,3  ,5 ,0
300352,北信源  ,12 ,10,0
300351,永贵电器,32 ,4 ,0
300350,华鹏飞  ,9  ,1 ,0.9
300349,金卡智能,66 ,0 ,0
300348,长亮科技,23 ,0 ,0
300347,泰格医药,78 ,0 ,0
300346,南大光电,40 ,0 ,0
300345,红宇新材,5  ,0 ,0
300342,天银机电,66 ,0 ,0
300341,麦迪电气,28 ,7 ,0
300340,科恒股份,5  ,0 ,0
300339,润和软件,19 ,0 ,0.98
300338,开元股份,37 ,0 ,0
300337,银邦股份,49 ,0 ,0
300336,新文化  ,28 ,4 ,0
300335,迪森股份,9  ,3 ,0
300333,兆日科技,7  ,0 ,0
300332,天壕环境,41 ,6 ,0
300331,苏大维格,8  ,0 ,0
300330,华虹计通,26 ,4 ,0
300329,海伦钢琴,30 ,13,0.27
300326,凯利泰  ,56 ,5 ,1.14
300325,德威新材,37 ,12,0
300323,华灿光电,46 ,0 ,0
300321,同大股份,38 ,13,0
300320,海达股份,25 ,0 ,0
300319,麦捷科技,56 ,12,1.14
300318,博晖创新,50 ,12,0
300317,珈伟股份,8  ,0 ,0
300316,晶盛机电,44 ,0 ,0
300315,掌趣科技,28 ,11,0
300314,戴维医疗,21 ,0 ,0
300312,邦讯技术,5  ,0 ,0
300311,任子行  ,16 ,0 ,0
300310,宜通世纪,9  ,3 ,0
300308,中际旭创,104,0 ,0
300307,慈星股份,56 ,5 ,0
300306,远方信息,14 ,6 ,0
300305,裕兴股份,48 ,4 ,0
300304,云意电气,28 ,7 ,0
300303,聚飞光电,39 ,11,0.32
300301,长方集团,59 ,5 ,0
300300,汉鼎宇佑,27 ,14,0
300299,富春股份,16 ,0 ,0.11
300298,三诺生物,65 ,0 ,0
300297,蓝盾股份,31 ,0 ,0
300296,利亚德  ,68 ,5 ,0
300295,三六五网,9  ,5 ,0
300293,蓝英装备,19 ,14,0.17
300292,吴通控股,24 ,0 ,0
300291,华录百纳,40 ,10,0
300290,荣科科技,17 ,0 ,2.27
300289,利德曼  ,34 ,11,0
300287,飞利信  ,23 ,0 ,0
300286,安科瑞  ,42 ,22,0
300284,苏交科  ,49 ,14,0
300283,温州宏丰,20 ,5 ,0
300282,三盛教育,48 ,0 ,0
300281,金明精机,48 ,4 ,0
300280,紫天科技,52 ,1 ,0
300279,和晶科技,31 ,0 ,0
300278,华昌达  ,7  ,0 ,0
300275,梅安森  ,11 ,10,0
300274,阳光电源,19 ,4 ,0
300273,和佳股份,11 ,3 ,0
300272,开能健康,40 ,7 ,0.84
300271,华宇软件,31 ,0 ,0
300269,联建光电,12 ,8 ,0
300267,尔康制药,33 ,4 ,0
300266,兴源环境,62 ,0 ,0
300265,通光线缆,53 ,0 ,0
300263,隆华节能,11 ,7 ,0
300262,巴安水务,39 ,11,0
300261,雅本化学,75 ,5 ,0
300259,新天科技,37 ,13,0
300258,精锻科技,58 ,14,0
300257,开山股份,89 ,11,0
300256,星星科技,13 ,13,0
300255,常山药业,9  ,0 ,0
300254,仟源医药,13 ,0 ,0
300253,卫宁健康,35 ,4 ,0
300252,金信诺  ,32 ,0 ,0
300251,光线传媒,58 ,4 ,0
300250,初灵信息,17 ,0 ,0
300249,依米康  ,18 ,4 ,0
300248,新开普  ,23 ,4 ,0
300247,乐金健康,9  ,6 ,0
300246,宝莱特  ,11 ,0 ,0
300245,天玑科技,21 ,0 ,0
300244,迪安诊断,22 ,0 ,0
300242,佳云科技,8  ,0 ,0
300241,瑞丰光电,25 ,0 ,0
300240,飞力达  ,28 ,0 ,0.15
300239,东宝生物,48 ,2 ,0
300238,冠昊生物,22 ,1 ,0
300236,上海新阳,12 ,5 ,0
300235,方直科技,8  ,0 ,0
300234,开尔新材,16 ,6 ,0
300233,金城医药,62 ,0 ,0.11
300232,洲明科技,37 ,0 ,0
300231,银信科技,3  ,13,0
300230,永利股份,25 ,3 ,0
300229,拓尔思  ,18 ,0 ,0
300228,富瑞特装,6  ,6 ,0
300227,光韵达  ,11 ,0 ,0
300226,上海钢联,28 ,0 ,0
300225,金力泰  ,30 ,0 ,0
300224,正海磁材,30 ,13,0
300221,银禧科技,24 ,0 ,0
300218,安利股份,67 ,7 ,0
300217,东方电热,29 ,14,0
300216,千山药机,8  ,3 ,0
300215,电科院  ,53 ,8 ,0
300214,日科化学,22 ,4 ,0
300212,易华录  ,38 ,14,0
300211,亿通科技,25 ,13,0
300210,森远股份,44 ,5 ,0
300208,恒顺众昇,23 ,5 ,0
300207,欣旺达  ,40 ,13,0
300206,理邦仪器,43 ,6 ,0
300205,天喻信息,18 ,23,0
300204,舒泰神  ,67 ,0 ,0
300202,聚龙股份,64 ,10,0
300201,海伦哲  ,54 ,8 ,0
300200,高盟新材,33 ,14,0
300199,翰宇药业,26 ,0 ,0
300196,长海股份,55 ,6 ,0
300195,长荣股份,51 ,4 ,0
300194,福安药业,35 ,13,0
300193,佳士科技,48 ,14,0
300192,科斯伍德,25 ,13,1.73
300191,潜能恒信,16 ,6 ,0.07
300190,维尔利  ,57 ,13,0.03
300189,神农基因,25 ,2 ,0
300188,美亚柏科,33 ,7 ,0
300185,通裕重工,56 ,5 ,0
300182,捷成股份,28 ,4 ,0
300180,华峰超纤,81 ,18,0.17
300178,腾邦国际,48 ,0 ,0
300177,中海达  ,8  ,0 ,0
300176,鸿特科技,82 ,0 ,0
300175,朗源股份,15 ,7 ,0
300174,元力股份,77 ,1 ,0
300173,智慧松德,31 ,3 ,0
300172,中电环保,35 ,0 ,0
300171,东富龙  ,30 ,7 ,0
300170,汉得信息,21 ,0 ,0
300169,天晟新材,36 ,13,0
300168,万达信息,54 ,8 ,0
300167,迪威迅  ,6  ,4 ,0
300166,东方国信,24 ,0 ,0
300165,天瑞仪器,16 ,7 ,0
300164,通源石油,20 ,4 ,0
300163,先锋新材,12 ,12,0
300162,雷曼股份,14 ,4 ,0
300161,华中数控,12 ,4 ,0
300160,秀强股份,48 ,10,0
300159,新研股份,20 ,13,0
300158,振东制药,53 ,3 ,0
300157,恒泰艾普,12 ,4 ,0
300156,神雾环保,5  ,9 ,0
300155,安居宝  ,15 ,6 ,0
300154,瑞凌股份,61 ,11,0
300153,科泰电源,36 ,3 ,0
300151,昌红科技,42 ,13,0
300150,世纪瑞尔,36 ,23,0
300149,量子生物,70 ,0 ,0
300148,天舟文化,10 ,14,0
300145,中金环境,45 ,8 ,0
300144,宋城演艺,71 ,0 ,4.17
300143,星普医科,38 ,0 ,0
300142,沃森生物,74 ,1 ,0
300141,和顺电气,13 ,0 ,0
300139,晓程科技,15 ,0 ,0
300138,晨光生物,36 ,12,0
300136,信维通信,25 ,0 ,0
300135,宝利国际,30 ,14,0
300132,青松股份,31 ,0 ,3.5
300130,新国都  ,54 ,0 ,0
300129,泰胜风能,35 ,5 ,0
300128,锦富技术,17 ,0 ,2.41
300127,银河磁体,29 ,0 ,0
300126,锐奇股份,30 ,10,0
300125,易世达  ,86 ,3 ,0
300123,亚光科技,29 ,0 ,0.52
300122,智飞生物,78 ,0 ,0
300121,阳谷华泰,40 ,0 ,0
300120,经纬辉开,46 ,3 ,0
300119,瑞普生物,27 ,0 ,0
300117,嘉寓股份,37 ,14,0
300116,坚瑞沃能,3  ,4 ,0
300115,长盈精密,18 ,0 ,0
300114,中航电测,54 ,6 ,0
300112,万讯自控,24 ,5 ,0
300110,华仁药业,17 ,2 ,0
300107,建新股份,14 ,0 ,0
300106,西部牧业,21 ,10,0
300105,龙源技术,39 ,10,0
300104,乐视网  ,8  ,0 ,0
300103,达刚路机,36 ,11,0
300102,乾照光电,15 ,4 ,0
300101,振芯科技,12 ,0 ,0
300100,双林股份,26 ,0 ,0
300099,精准信息,12 ,13,0
300098,高新兴  ,25 ,0 ,0
300097,智云股份,12 ,5 ,0
300095,华伍股份,45 ,4 ,0
300094,国联水产,53 ,12,0
300093,金刚玻璃,7  ,6 ,0
300091,金通灵  ,50 ,0 ,0
300089,文化长城,13 ,11,0
300088,长信科技,21 ,0 ,0
300084,海默科技,6  ,4 ,0
300083,劲胜智能,20 ,4 ,0
300082,奥克股份,69 ,14,0
300080,易成新能,37 ,4 ,0
300079,数码科技,15 ,13,0
300078,思创医惠,17 ,7 ,0
300077,国民技术,6  ,0 ,0
300076,GQY视讯 ,11 ,0 ,0
300075,数字政通,7  ,0 ,0
300074,华平股份,11 ,4 ,0
300073,当升科技,23 ,0 ,0
300072,三聚环保,59 ,0 ,0
300071,华谊嘉信,16 ,0 ,0
300070,碧水源  ,31 ,10,0
300069,金利华电,4  ,1 ,0
300068,南都电源,19 ,8 ,0
300067,安诺其  ,10 ,14,0.41
300066,三川智慧,32 ,3 ,0
300065,海兰信  ,19 ,13,0
300064,豫金刚石,18 ,13,0
300063,天龙集团,6  ,6 ,0
300062,中能电气,5  ,0 ,1.23
300061,康旗股份,37 ,6 ,0
300058,蓝色光标,21 ,5 ,0
300057,万顺股份,48 ,0 ,0
300055,万邦达  ,37 ,6 ,0
300054,鼎龙股份,21 ,13,0
300049,福瑞股份,25 ,0 ,0
300048,合康新能,35 ,0 ,0
300047,天源迪科,34 ,0 ,0
300045,华力创通,22 ,0 ,0
300044,赛为智能,8  ,0 ,0
300043,星辉娱乐,24 ,8 ,0
300042,朗科科技,43 ,6 ,0
300041,回天新材,27 ,6 ,0
300040,九洲电气,26 ,14,0
300039,上海凯宝,30 ,4 ,0
300038,梅泰诺  ,7  ,5 ,0.99
300037,新宙邦  ,26 ,0 ,0
300036,超图软件,20 ,0 ,0
300035,中科电气,12 ,0 ,0.9
300034,钢研高纳,22 ,23,0
300033,同花顺  ,25 ,6 ,0
300032,金龙机电,26 ,7 ,0
300031,宝通科技,31 ,6 ,0
300030,阳普医疗,13 ,0 ,0
300029,天龙光电,43 ,13,0
300028,*金亚   ,7  ,2 ,0
300027,华谊兄弟,19 ,0 ,0
300026,红日药业,53 ,0 ,0
300025,华星创业,14 ,4 ,0
300023,宝德股份,31 ,7 ,0
300022,吉峰农机,10 ,0 ,0
300021,大禹节水,26 ,14,0
300020,银江股份,13 ,0 ,0
300019,硅宝科技,27 ,14,0
300017,网宿科技,18 ,0 ,0
300016,北陆药业,9  ,0 ,0
300015,爱尔眼科,131,0 ,0
300014,亿纬锂能,21 ,0 ,0
300013,新宁物流,27 ,10,0
300011,鼎汉技术,41 ,13,0
300010,立思辰  ,29 ,0 ,0
300009,安科生物,28 ,0 ,0
300007,汉威科技,12 ,0 ,0
300006,莱美药业,17 ,3 ,0
300005,探路者  ,11 ,4 ,0
300004,南风股份,11 ,11,0
300003,乐普医疗,111,0 ,0
300002,神州泰岳,29 ,10,0
300001,特锐德  ,58 ,22,0
002929,润建通信,0  ,0 ,0
002928,华夏航空,5  ,0 ,0
002927,泰永长征,46 ,0 ,0
002926,华西证券,2  ,6 ,0
002925,盈趣科技,8  ,0 ,0
002923,润都股份,2  ,0 ,0
002922,伊戈尔  ,4  ,0 ,0
002921,联诚精密,0  ,0 ,0
002920,德赛西威,1  ,0 ,0
002919,名臣健康,1  ,4 ,0
002918,蒙娜丽莎,1  ,4 ,0
002917,金奥博  ,4  ,0 ,0
002916,深南电路,2  ,0 ,0
002915,中欣氟材,13 ,0 ,0
002913,奥士康  ,4  ,0 ,0
002911,佛燃股份,0  ,12,0
002910,庄园牧场,6  ,23,0
002909,集泰股份,11 ,3 ,1.57
002908,德生科技,7  ,0 ,0
002907,华森制药,1  ,0 ,0
002906,华阳集团,2  ,0 ,0
002903,宇环数控,12 ,0 ,2.98
002902,铭普光磁,3  ,0 ,0
002900,哈三联  ,2  ,0 ,0
002898,赛隆药业,6  ,0 ,0
002897,意华股份,9  ,0 ,0
002895,川恒股份,0  ,3 ,0
002893,华通热力,0  ,0 ,0
002892,科力尔  ,1  ,0 ,0
002890,弘宇股份,10 ,0 ,0
002889,东方嘉盛,0  ,0 ,0
002888,惠威科技,5  ,0 ,0
002887,绿茵生态,7  ,3 ,0
002886,沃特股份,5  ,0 ,0
002885,京泉华  ,2  ,0 ,0
002882,金龙羽  ,2  ,0 ,0
002881,美格智能,3  ,0 ,0
002879,长缆科技,9  ,0 ,0
002878,元隆雅图,1  ,0 ,0
002877,智能自控,4  ,0 ,0
002876,三利谱  ,29 ,0 ,0
002875,安奈儿  ,16 ,15,2.27
002873,新天药业,2  ,0 ,0
002872,天圣制药,10 ,0 ,0
002871,伟隆股份,4  ,0 ,0
002870,香山股份,1  ,0 ,0
002869,金溢科技,2  ,0 ,0
002868,绿康生化,13 ,13,0
002867,周大生  ,54 ,0 ,0
002865,钧达股份,2  ,13,0
002864,盘龙药业,6  ,0 ,0
002862,实丰文化,8  ,4 ,0
002861,瀛通通讯,4  ,0 ,0
002860,星帅尔  ,5  ,4 ,0
002859,洁美科技,23 ,0 ,0
002858,力盛赛车,6  ,0 ,0
002857,三晖电气,4  ,13,0
002855,捷荣技术,6  ,0 ,0
002852,道道全  ,15 ,10,0
002849,威星智能,10 ,0 ,0
002848,高斯贝尔,4  ,0 ,0
002847,盐津铺子,1  ,0 ,0
002845,同兴达  ,6  ,0 ,0
002842,翔鹭钨业,12 ,0 ,0
002841,视源股份,74 ,0 ,2.45
002840,华统股份,78 ,0 ,0
002839,张家港行,1  ,7 ,0
002838,道恩股份,70 ,6 ,0
002836,新宏泽  ,5  ,4 ,0
002835,同为股份,6  ,0 ,0
002833,弘亚数控,29 ,0 ,0
002832,比音勒芬,77 ,13,0
002831,裕同科技,53 ,0 ,1.43
002829,星网宇达,8  ,0 ,0
002828,贝肯能源,7  ,3 ,0
002823,凯中精密,4  ,0 ,0
002822,中装建设,9  ,7 ,0
002821,凯莱英  ,58 ,0 ,0
002820,桂发祥  ,8  ,13,0
002818,富森美  ,9  ,12,0
002817,黄山胶囊,10 ,0 ,0
002816,和科达  ,12 ,14,0
002815,崇达技术,27 ,0 ,0
002813,路畅科技,7  ,0 ,0
002812,创新股份,59 ,0 ,0
002811,亚泰国际,5  ,13,0
002809,红墙股份,5  ,7 ,0
002808,苏州恒久,19 ,0 ,0
002805,丰元股份,8  ,0 ,0
002803,吉宏股份,37 ,4 ,0
002802,洪汇新材,4  ,0 ,0
002801,微光股份,6  ,7 ,0
002800,天顺股份,8  ,4 ,0
002799,环球印务,20 ,0 ,0
002798,帝欧家居,44 ,16,1.65
002797,第一创业,6  ,5 ,0
002796,世嘉科技,3  ,0 ,0
002795,永和智控,12 ,0 ,0
002793,东音股份,3  ,12,0
002791,坚朗五金,34 ,6 ,0
002790,瑞尔特  ,18 ,0 ,0
002789,建艺集团,6  ,13,0
002788,鹭燕医药,8  ,0 ,0
002787,华源控股,8  ,0 ,0.95
002786,银宝山新,9  ,11,0
002785,万里石  ,5  ,10,0
002783,凯龙股份,31 ,11,0
002782,可立克  ,9  ,0 ,0
002781,奇信股份,29 ,0 ,0
002780,三夫户外,5  ,4 ,0
002779,中坚科技,23 ,0 ,0.85
002778,高科石化,12 ,0 ,0
002776,柏堡龙  ,65 ,1 ,0
002775,文科园林,50 ,6 ,0
002774,快意电梯,3  ,0 ,0
002773,康弘药业,80 ,0 ,0
002772,众兴菌业,10 ,0 ,0
002771,真视通  ,11 ,0 ,0
002769,普路通  ,3  ,0 ,0
002767,先锋电子,19 ,0 ,0
002765,蓝黛传动,45 ,6 ,0
002763,汇洁股份,64 ,0 ,0
002762,金发拉比,20 ,10,0
002761,多喜爱  ,49 ,6 ,0
002760,凤形股份,3  ,7 ,0
002759,天际股份,3  ,4 ,0
002758,华通医药,11 ,0 ,0
002757,南兴装备,61 ,4 ,0
002756,永兴特钢,37 ,13,0
002753,永东股份,19 ,0 ,0
002752,昇兴股份,10 ,0 ,0.49
002751,易尚展示,19 ,0 ,0
002750,龙津药业,51 ,0 ,0
002749,国光股份,52 ,12,0.27
002748,世龙实业,45 ,10,0
002747,埃斯顿  ,68 ,0 ,2.37
002746,仙坛股份,33 ,0 ,1.7
002745,木林森  ,17 ,0 ,1.36
002743,富煌钢构,29 ,6 ,0
002742,三圣股份,5  ,4 ,0
002741,光华科技,63 ,3 ,0
002738,中矿资源,16 ,0 ,0
002737,葵花药业,68 ,0 ,0
002736,国信证券,92 ,7 ,0
002735,王子新材,31 ,0 ,0
002734,利民股份,29 ,10,0
002733,雄韬股份,34 ,1 ,0
002732,燕塘乳业,54 ,0 ,0
002731,萃华珠宝,45 ,17,0.3
002730,电光科技,58 ,12,0
002729,好利来  ,10 ,0 ,0
002728,特一药业,29 ,0 ,0
002727,一心堂  ,72 ,0 ,0
002726,龙大肉食,60 ,10,0
002725,跃岭股份,8  ,0 ,0
002724,海洋王  ,62 ,0 ,0
002722,金轮股份,5  ,0 ,0
002721,金一文化,22 ,4 ,0
002718,友邦吊顶,29 ,0 ,0
002717,岭南股份,41 ,10,0
002715,登云股份,18 ,0 ,0
002714,牧原股份,104,0 ,0
002713,东易日盛,34 ,13,0
002712,思美传媒,57 ,3 ,0
002711,欧浦智网,20 ,4 ,0
002709,天赐材料,8  ,0 ,0
002708,光洋股份,19 ,12,0
002707,众信旅游,36 ,0 ,0
002706,良信电器,59 ,10,0
002705,新宝股份,66 ,0 ,0
002703,浙江世宝,25 ,4 ,0
002702,海欣食品,7  ,3 ,0
002701,奥瑞金  ,59 ,0 ,0
002700,新疆浩源,52 ,10,0
002698,博实股份,47 ,4 ,0
002697,红旗连锁,33 ,10,0
002696,百洋股份,58 ,0 ,0
002695,煌上煌  ,24 ,3 ,0
002694,顾地科技,10 ,11,0
002693,双成药业,9  ,0 ,0
002692,睿康股份,22 ,4 ,0.53
002691,冀凯股份,30 ,0 ,0
002689,远大智能,76 ,10,0
002688,金河生物,60 ,4 ,0
002687,乔治白  ,32 ,3 ,0
002686,亿利达  ,45 ,0 ,0
002685,华东重机,50 ,5 ,0
002684,猛狮科技,3  ,3 ,0
002683,宏大爆破,62 ,5 ,0.89
002682,龙洲股份,62 ,7 ,0
002681,奋达科技,38 ,0 ,0
002680,ST长生  ,48 ,0 ,0
002679,福建金森,74 ,0 ,0
002678,珠江钢琴,93 ,9 ,0
002677,浙江美大,52 ,0 ,0
002676,顺威股份,9  ,11,0
002675,东诚药业,36 ,0 ,0
002674,兴业科技,59 ,9 ,0
002673,西部证券,52 ,4 ,0
002672,东江环保,45 ,13,0.63
002671,龙泉股份,40 ,15,0
002670,国盛金控,45 ,0 ,0
002669,康达新材,64 ,0 ,0
002666,德联集团,17 ,13,0
002664,长鹰信质,55 ,0 ,0
002663,普邦股份,35 ,11,0
002662,京威股份,45 ,0 ,0
002661,克明面业,33 ,0 ,0.9
002660,茂硕电源,27 ,3 ,0
002659,凯文教育,46 ,0 ,0.43
002658,雪迪龙  ,44 ,10,0
002655,共达电声,10 ,0 ,0
002654,万润科技,33 ,0 ,0
002653,海思科  ,70 ,12,0.88
002652,扬子新材,46 ,0 ,0
002651,利君股份,11 ,13,0
002648,卫星石化,50 ,6 ,0
002647,民盛金科,105,0 ,0
002646,青青稞酒,56 ,5 ,0
002644,佛慈制药,64 ,0 ,0
002643,万润股份,46 ,0 ,0
002642,荣之联  ,13 ,0 ,0
002641,永高股份,83 ,14,0
002640,跨境通  ,47 ,0 ,0
002639,雪人股份,31 ,4 ,0
002638,勤上股份,18 ,6 ,0
002637,赞宇科技,15 ,6 ,0.02
002636,金安国纪,7  ,0 ,0
002635,安洁科技,9  ,14,0
002634,棒杰股份,12 ,12,0
002633,申科股份,25 ,0 ,0
002632,道明光学,43 ,0 ,0
002631,德尔未来,29 ,0 ,0
002629,仁智股份,15 ,5 ,0
002628,成都路桥,52 ,10,0
002627,宜昌交运,66 ,5 ,0
002626,金达威  ,58 ,5 ,0
002625,光启技术,48 ,0 ,0
002624,完美世界,44 ,0 ,0
002623,亚玛顿  ,55 ,4 ,0
002622,融钰集团,18 ,1 ,0
002620,瑞和股份,37 ,13,0
002619,艾格拉斯,23 ,4 ,0
002618,丹邦科技,50 ,14,4.42
002616,长青集团,55 ,7 ,0
002615,哈尔斯  ,45 ,4 ,0
002614,奥佳华  ,83 ,0 ,0
002613,北玻股份,36 ,14,0.08
002612,朗姿股份,29 ,0 ,0
002611,东方精工,46 ,4 ,0
002609,捷顺科技,21 ,10,0
002608,江苏国信,59 ,24,0
002607,亚夏汽车,19 ,0 ,0
002606,大连电瓷,2  ,1 ,0
002605,姚记扑克,26 ,10,0
002603,以岭药业,59 ,0 ,0
002601,龙蟒佰利,12 ,14,0
002599,盛通股份,51 ,14,0
002598,山东章鼓,56 ,10,0
002597,金禾实业,45 ,17,0
002596,海南瑞泽,15 ,5 ,0
002595,豪迈科技,77 ,0 ,0
002594,比亚迪  ,59 ,0 ,0
002593,日上集团,60 ,10,0
002592,八菱科技,40 ,10,0
002591,恒大高新,52 ,0 ,0
002590,万安科技,36 ,4 ,0
002589,瑞康医药,58 ,0 ,0
002588,史丹利  ,61 ,6 ,0
002587,奥拓电子,20 ,0 ,0
002586,围海股份,40 ,4 ,0
002585,双星新材,42 ,13,0
002584,西陇科学,19 ,1 ,0
002583,海能达  ,42 ,0 ,0
002581,未名医药,26 ,3 ,0
002579,中京电子,38 ,0 ,0.91
002578,闽发铝业,29 ,0 ,0
002577,雷柏科技,25 ,13,0
002575,群兴玩具,18 ,14,0
002574,明牌珠宝,49 ,10,0
002572,索菲亚  ,49 ,5 ,0
002571,德力股份,32 ,4 ,0
002570,*ST因美 ,39 ,13,0
002568,百润股份,63 ,10,0.23
002567,唐人神  ,36 ,5 ,0
002566,益盛药业,21 ,13,0
002565,顺灏股份,55 ,14,0
002564,天沃科技,39 ,16,0
002563,森马服饰,140,0 ,3.2
002562,兄弟科技,8  ,4 ,0
002561,徐家汇  ,60 ,10,0
002560,通达股份,14 ,12,0
002559,亚威股份,42 ,5 ,0
002558,巨人网络,36 ,0 ,0
002557,洽洽食品,55 ,0 ,1.65
002556,辉隆股份,42 ,7 ,0
002555,三七互娱,39 ,6 ,0
002554,惠博普  ,8  ,4 ,0
002553,南方轴承,31 ,4 ,0
002552,*ST宝鼎 ,46 ,0 ,0
002551,尚荣医疗,24 ,13,0
002550,千红制药,48 ,0 ,0
002548,金新农  ,58 ,0 ,0
002546,新联电子,42 ,14,0
002545,东方铁塔,38 ,10,0
002543,万和电气,99 ,0 ,0
002542,中化岩土,28 ,6 ,0
002541,鸿路钢构,60 ,11,0
002540,亚太科技,46 ,6 ,0
002539,云图控股,48 ,14,0
002538,司尔特  ,32 ,10,0
002537,海联金汇,67 ,0 ,0
002536,西泵股份,54 ,14,0
002535,林州重机,35 ,5 ,0
002534,杭锅股份,64 ,11,0
002533,金杯电工,57 ,4 ,0
002532,新界泵业,38 ,19,0
002531,天顺风能,60 ,13,0
002530,金财互联,29 ,4 ,0
002529,海源机械,19 ,0 ,0
002528,英飞拓  ,49 ,8 ,0
002527,新时达  ,46 ,8 ,0
002526,山东矿机,60 ,5 ,0
002524,光正集团,16 ,7 ,0
002523,天桥起重,51 ,7 ,0.39
002522,浙江众成,52 ,7 ,0
002521,齐峰新材,33 ,4 ,0
002519,银河电子,61 ,11,0
002518,科士达  ,56 ,4 ,0
002517,恺英网络,14 ,0 ,0
002516,旷达科技,43 ,9 ,0
002515,金字火腿,46 ,4 ,0
002514,宝馨科技,35 ,8 ,0
002513,蓝丰生化,36 ,14,0
002511,中顺洁柔,86 ,0 ,0
002509,天广中茂,15 ,10,0
002508,老板电器,51 ,6 ,0
002507,涪陵榨菜,93 ,1 ,0
002505,大康农业,59 ,5 ,0
002504,弘高创意,23 ,22,2.58
002503,搜于特  ,66 ,4 ,0
002501,利源精制,51 ,0 ,0
002500,山西证券,36 ,6 ,0
002499,科林环保,18 ,0 ,1.36
002498,汉缆股份,84 ,10,0
002496,辉丰股份,8  ,0 ,0
002495,佳隆股份,56 ,5 ,0
002494,华斯股份,10 ,0 ,0
002493,荣盛石化,142,7 ,0
002492,恒基达鑫,16 ,10,0
002491,通鼎互联,53 ,4 ,0
002490,山东墨龙,8  ,6 ,1.14
002489,浙江永强,70 ,5 ,0
002488,金固股份,49 ,4 ,0
002487,大金重工,68 ,11,0
002486,嘉麟杰  ,31 ,11,0
002484,江海股份,47 ,14,0
002483,润邦股份,66 ,11,0
002482,广田集团,66 ,13,0
002481,双塔食品,14 ,8 ,0
002479,富春环保,35 ,6 ,0
002478,常宝股份,70 ,13,0
002476,宝莫股份,35 ,14,0
002475,立讯精密,98 ,0 ,0
002474,榕基软件,12 ,10,0
002473,*ST圣莱 ,53 ,4 ,0
002472,双环传动,30 ,0 ,0
002471,中超控股,57 ,11,0
002470,金正大  ,106,0 ,0
002469,三维工程,50 ,13,0
002468,申通快递,23 ,11,0
002467,二六三  ,15 ,13,0
002466,天齐锂业,29 ,0 ,0
002465,海格通信,32 ,25,0.34
002464,众应互联,31 ,0 ,0
002463,沪电股份,42 ,20,0
002462,嘉事堂  ,28 ,0 ,0
002461,珠江啤酒,50 ,0 ,0.01
002460,赣锋锂业,13 ,0 ,0
002458,益生股份,31 ,0 ,1.88
002456,欧菲科技,34 ,0 ,0
002455,百川股份,22 ,4 ,0
002454,松芝股份,58 ,5 ,0
002453,华软科技,50 ,11,0
002452,长高集团,45 ,10,0
002451,摩恩电气,78 ,0 ,0
002449,国星光电,31 ,0 ,0
002448,中原内配,53 ,4 ,0
002447,晨鑫科技,4  ,7 ,0
002446,盛路通信,19 ,0 ,0
002444,巨星科技,41 ,13,0
002443,金洲管道,49 ,6 ,0
002442,龙星化工,69 ,0 ,0
002441,众业达  ,42 ,4 ,0
002440,闰土股份,45 ,5 ,0
002439,启明星辰,22 ,5 ,0
002438,江苏神通,58 ,0 ,0
002435,长江润发,66 ,0 ,0
002434,万里扬  ,51 ,14,0
002433,太安堂  ,29 ,0 ,0
002432,九安医疗,16 ,2 ,0
002429,兆驰股份,57 ,4 ,0
002428,云南锗业,17 ,6 ,0
002427,*ST尤夫 ,38 ,4 ,0
002426,胜利精密,48 ,0 ,0
002425,凯撒文化,38 ,7 ,0
002424,贵州百灵,25 ,0 ,0
002423,中原特钢,35 ,9 ,0
002422,科伦药业,96 ,0 ,0
002421,达实智能,40 ,11,0
002420,毅昌股份,52 ,7 ,0
002419,天虹股份,113,0 ,0
002418,康盛股份,21 ,3 ,0
002417,深南股份,22 ,0 ,0
002416,爱施德  ,65 ,7 ,0
002415,海康威视,124,0 ,0
002414,高德红外,52 ,0 ,0.68
002413,雷科防务,36 ,8 ,0
002412,汉森制药,71 ,0 ,0
002410,广联达  ,93 ,5 ,0
002407,多氟多  ,17 ,0 ,0
002406,远东传动,54 ,15,0
002404,嘉欣丝绸,55 ,0 ,0
002403,爱仕达  ,60 ,9 ,0
002401,中远海科,16 ,7 ,0
002400,省广集团,29 ,6 ,0
002399,海普瑞  ,115,0 ,2.99
002398,建研集团,51 ,6 ,0
002396,星网锐捷,17 ,0 ,0
002395,双象股份,62 ,0 ,1.92
002394,联发股份,61 ,8 ,0
002393,力生制药,51 ,4 ,0
002392,北京利尔,37 ,14,0
002391,长青股份,34 ,13,0
002390,信邦制药,39 ,0 ,0
002388,新亚制程,25 ,0 ,0
002387,维信诺  ,26 ,11,0
002386,天原集团,24 ,5 ,0
002385,大北农  ,48 ,4 ,0
002384,东山精密,79 ,13,0
002383,合众思壮,28 ,13,0
002381,双箭股份,43 ,14,0
002380,科远股份,29 ,0 ,0
002379,宏创控股,40 ,11,0
002378,章源钨业,60 ,12,0
002377,国创高新,30 ,20,0
002376,新北洋  ,60 ,6 ,0
002375,亚厦股份,49 ,11,0
002374,丽鹏股份,16 ,3 ,0
002371,北方华创,30 ,0 ,0
002370,亚太药业,66 ,0 ,0
002368,太极股份,24 ,0 ,1.18
002367,康力电梯,13 ,6 ,0
002366,台海核电,32 ,11,0
002365,永安药业,11 ,4 ,0
002364,中恒电气,59 ,13,0
002363,隆基机械,52 ,5 ,0
002361,神剑股份,50 ,14,0
002360,同德化工,35 ,24,0
002358,森源电气,60 ,4 ,0
002357,富临运业,7  ,5 ,0.24
002356,赫美集团,52 ,0 ,0
002355,兴民智通,32 ,0 ,0
002354,天神娱乐,7  ,3 ,0
002353,杰瑞股份,49 ,24,2.29
002352,顺丰控股,77 ,0 ,0
002351,漫步者  ,18 ,7 ,0
002350,北京科锐,21 ,0 ,0
002349,精华制药,56 ,2 ,0
002348,高乐股份,52 ,11,0
002347,泰尔股份,26 ,13,0
002346,柘中股份,37 ,0 ,0
002345,潮宏基  ,57 ,3 ,0
002344,海宁皮城,64 ,14,0
002343,慈文传媒,37 ,0 ,0
002342,巨力索具,27 ,6 ,0
002341,新纶科技,37 ,0 ,0
002340,格林美  ,9  ,5 ,0
002339,积成电子,22 ,11,0
002338,奥普光电,27 ,10,0
002337,赛象科技,59 ,6 ,0
002335,科华恒盛,40 ,0 ,0
002334,英威腾  ,19 ,14,0
002332,仙琚制药,50 ,0 ,0
002331,皖通科技,20 ,10,0
002330,得利斯  ,50 ,10,0
002329,皇氏集团,21 ,7 ,0
002328,新朋股份,34 ,6 ,0
002327,富安娜  ,55 ,4 ,0
002326,永太科技,33 ,3 ,0
002325,洪涛股份,42 ,12,0
002324,普利特  ,75 ,7 ,0
002322,理工环科,46 ,0 ,0
002321,华英农业,1  ,0 ,0
002320,海峡股份,30 ,4 ,0
002319,乐通股份,64 ,6 ,0
002318,久立特材,40 ,13,0
002316,亚联发展,49 ,0 ,0
002315,焦点科技,22 ,4 ,0
002314,南山控股,61 ,1 ,0
002313,日海智能,47 ,0 ,0
002311,海大集团,151,0 ,0
002309,中利集团,51 ,0 ,0
002308,威创股份,29 ,12,0
002307,北新路桥,11 ,7 ,0
002306,*ST云网 ,65 ,0 ,0
002305,南国置业,68 ,9 ,0
002303,美盈森  ,64 ,22,0
002302,西部建设,32 ,6 ,0
002301,齐心集团,64 ,0 ,0
002300,太阳电缆,33 ,0 ,0
002299,圣农发展,67 ,0 ,3.42
002298,中电兴发,39 ,10,0
002296,辉煌科技,9  ,4 ,0
002295,精艺股份,45 ,13,0
002294,信立泰  ,100,0 ,0
002293,罗莱生活,97 ,0 ,0
002292,奥飞娱乐,31 ,4 ,0
002291,星期六  ,37 ,0 ,0
002290,中科新材,12 ,0 ,0
002289,宇顺电子,12 ,0 ,0
002288,超华科技,24 ,0 ,0
002287,奇正藏药,74 ,0 ,0
002286,保龄宝  ,63 ,3 ,0
002285,世联行  ,39 ,4 ,0
002284,亚太股份,50 ,13,0
002283,天润曲轴,59 ,13,0
002282,博深工具,16 ,4 ,0
002281,光迅科技,15 ,0 ,0
002280,联络互动,29 ,5 ,0
002277,友阿股份,40 ,7 ,0
002276,万马股份,44 ,11,0
002275,桂林三金,72 ,6 ,0
002274,华昌化工,62 ,21,0
002273,水晶光电,16 ,0 ,0
002272,川润股份,40 ,10,0
002271,东方雨虹,56 ,13,0
002270,华明装备,66 ,7 ,0
002269,美邦服饰,78 ,23,0
002268,卫 士 通,61 ,10,0
002267,陕天然气,59 ,15,0
002266,浙富控股,55 ,6 ,0
002265,西仪股份,10 ,7 ,0.63
002262,恩华药业,89 ,0 ,2.33
002261,拓维信息,32 ,5 ,0
002260,*ST德奥 ,4  ,1 ,0
002259,升达林业,22 ,9 ,0
002258,利尔化学,84 ,0 ,0
002256,兆新股份,22 ,12,1.86
002254,泰和新材,38 ,0 ,0
002253,川大智胜,21 ,14,0
002251,步 步 高,69 ,5 ,0
002250,联化科技,41 ,0 ,0
002249,大洋电机,49 ,0 ,0
002248,华东数控,78 ,11,0
002247,帝龙文化,39 ,4 ,0
002245,澳洋顺昌,29 ,0 ,0
002244,滨江集团,63 ,5 ,0
002243,通产丽星,19 ,13,2.91
002242,九阳股份,59 ,13,0
002241,歌尔股份,31 ,5 ,0
002238,天威视讯,73 ,4 ,0
002237,恒邦股份,7  ,5 ,0
002236,大华股份,35 ,0 ,0
002235,安妮股份,7  ,10,0
002234,民和股份,26 ,0 ,1.33
002232,启明信息,22 ,0 ,0
002231,奥维通信,16 ,0 ,0
002230,科大讯飞,22 ,4 ,0
002229,鸿博股份,11 ,0 ,0
002228,合兴包装,62 ,0 ,3.73
002227,奥 特 迅,48 ,0 ,0
002225,濮耐股份,35 ,0 ,1.34
002224,三 力 士,32 ,12,0
002223,鱼跃医疗,27 ,0 ,0
002222,福晶科技,13 ,0 ,0
002221,东华能源,55 ,11,0
002220,天宝食品,44 ,3 ,0
002219,恒康医疗,56 ,0 ,0
002218,拓日新能,31 ,4 ,0
002216,三全食品,53 ,12,0
002215,诺 普 信,39 ,0 ,1.13
002213,特 尔 佳,22 ,6 ,1.75
002212,南洋股份,59 ,8 ,0
002211,宏达新材,14 ,4 ,0
002208,合肥城建,7  ,0 ,0
002207,*ST准油 ,35 ,10,0
002206,海 利 得,55 ,4 ,0
002205,国统股份,31 ,14,0
002204,大连重工,72 ,3 ,0
002203,海亮股份,84 ,12,0
002202,金风科技,73 ,14,0
002201,九鼎新材,52 ,11,0
002200,云投生态,26 ,5 ,0
002199,东晶电子,47 ,0 ,0
002198,嘉应制药,16 ,3 ,0
002197,证通电子,34 ,0 ,0
002196,方正电机,34 ,4 ,0
002195,二三四五,23 ,11,0
002194,*ST凡谷 ,15 ,4 ,0
002193,如意集团,39 ,0 ,0
002191,劲嘉股份,54 ,6 ,0
002190,成飞集成,27 ,0 ,0
002189,利达光电,20 ,13,0
002188,*ST巴士 ,9  ,8 ,0
002187,广百股份,68 ,13,0
002186,全 聚 德,64 ,12,0
002185,华天科技,13 ,0 ,0
002184,海得控制,7  ,6 ,0
002182,云海金属,15 ,13,0
002181,粤 传 媒,13 ,12,0
002180,纳思达  ,74 ,0 ,1.37
002178,延华智能,15 ,2 ,0
002177,御银股份,28 ,7 ,0
002176,江特电机,16 ,5 ,0
002175,东方网络,3  ,14,0
002174,游族网络,47 ,4 ,0
002173,创新医疗,36 ,0 ,0
002172,澳洋科技,28 ,13,0
002170,芭田股份,66 ,6 ,0
002169,智光电气,22 ,13,0
002168,深圳惠程,17 ,26,1.27
002167,东方锆业,32 ,5 ,0
002166,莱茵生物,41 ,14,0
002165,红 宝 丽,58 ,22,0
002164,宁波东力,13 ,0 ,0
002163,中航三鑫,34 ,0 ,1.18
002162,悦心健康,63 ,7 ,0
002161,远 望 谷,5  ,0 ,0.14
002160,常铝股份,25 ,5 ,0
002159,三特索道,62 ,0 ,0
002158,汉钟精机,26 ,13,0
002157,正邦科技,41 ,7 ,0.48
002155,湖南黄金,22 ,4 ,0
002154,报 喜 鸟,46 ,14,1.38
002153,石基信息,27 ,0 ,2.14
002152,广电运通,36 ,9 ,0
002150,通润装备,58 ,0 ,0
002148,北纬科技,7  ,0 ,0
002146,荣盛发展,51 ,6 ,0
002145,中核钛白,32 ,4 ,0
002144,宏达高科,41 ,14,0
002142,宁波银行,120,7 ,0
002140,东华科技,57 ,4 ,0
002139,拓邦股份,23 ,0 ,0
002137,麦达数字,10 ,0 ,0
002136,安 纳 达,16 ,4 ,0
002135,东南网架,55 ,13,0
002134,天津普林,14 ,0 ,0
002133,广宇集团,39 ,6 ,0
002132,恒星科技,44 ,0 ,0
002131,利欧股份,34 ,6 ,0
002130,沃尔核材,44 ,10,0
002128,露天煤业,34 ,9 ,0
002126,银轮股份,20 ,0 ,0
002125,湘潭电化,25 ,6 ,0
002124,天邦股份,58 ,7 ,0
002123,梦网集团,27 ,4 ,0
002122,*ST天马 ,37 ,4 ,0
002119,康强电子,52 ,0 ,0
002118,紫鑫药业,28 ,0 ,0
002117,东港股份,40 ,11,0
002116,中国海诚,56 ,13,0
002115,三维通信,20 ,0 ,0
002114,罗平锌电,25 ,10,0
002112,三变科技,4  ,0 ,2.91
002111,威海广泰,38 ,21,0
002109,兴化股份,30 ,12,0
002108,沧州明珠,25 ,0 ,0
002107,沃华医药,66 ,0 ,0
002106,莱宝高科,37 ,13,0
002105,信隆健康,61 ,7 ,0
002104,恒宝股份,22 ,0 ,0
002103,广博股份,5  ,11,0
002101,广东鸿图,49 ,4 ,0
002100,天康生物,76 ,4 ,0
002099,海翔药业,52 ,3 ,0
002097,山河智能,30 ,13,0
002096,南岭民爆,42 ,5 ,0
002095,生 意 宝,69 ,0 ,0
002094,青岛金王,54 ,0 ,0
002093,国脉科技,35 ,0 ,0
002092,中泰化学,41 ,13,0
002091,江苏国泰,46 ,5 ,0
002090,金智科技,71 ,13,0
002089,新 海 宜,30 ,0 ,0
002088,鲁阳节能,31 ,0 ,0
002087,新野纺织,27 ,7 ,0
002085,万丰奥威,75 ,10,0
002084,海鸥住工,56 ,6 ,0
002083,孚日股份,51 ,0 ,0
002082,万邦德  ,17 ,0 ,0
002081,金 螳 螂,87 ,14,0
002080,中材科技,34 ,6 ,0
002078,太阳纸业,92 ,5 ,0
002077,大港股份,39 ,7 ,0
002076,雪 莱 特,7  ,0 ,0
002074,国轩高科,35 ,5 ,0
002073,软控股份,30 ,22,0
002072,凯瑞德  ,17 ,0 ,0
002071,长城影视,13 ,10,1.98
002069,獐子岛  ,22 ,7 ,0
002068,黑猫股份,17 ,5 ,0
002067,景兴纸业,24 ,6 ,0
002066,瑞泰科技,16 ,13,0
002064,华峰氨纶,63 ,11,0
002062,宏润建设,71 ,13,0
002061,浙江交科,35 ,6 ,0
002060,粤 水 电,66 ,10,0
002058,威 尔 泰,41 ,4 ,0
002057,中钢天源,40 ,5 ,0
002056,横店东磁,45 ,0 ,0
002055,得润电子,36 ,0 ,0
002054,德美化工,4  ,10,0
002053,云南能投,49 ,4 ,0
002052,同洲电子,8  ,6 ,0
002050,三花智控,66 ,0 ,0
002049,紫光国微,13 ,0 ,0
002048,宁波华翔,17 ,14,0
002047,宝鹰股份,54 ,12,0
002046,轴研科技,48 ,13,0
002045,国光电器,8  ,3 ,0
002043,兔 宝 宝,32 ,0 ,0
002042,华孚时尚,91 ,0 ,0
002041,登海种业,45 ,4 ,0
002040,南 京 港,30 ,7 ,0
002039,黔源电力,53 ,18,0
002037,久联发展,39 ,10,0
002035,华帝股份,71 ,0 ,0
002034,旺能环境,69 ,6 ,0
002033,丽江旅游,48 ,0 ,0
002032,苏 泊 尔,143,12,1.28
002031,巨轮智能,58 ,11,0
002030,达安基因,62 ,0 ,1.22
002029,七 匹 狼,46 ,0 ,0
002028,思源电气,71 ,0 ,0
002027,分众传媒,64 ,17,0
002026,山东威达,36 ,5 ,0
002023,海特高新,12 ,0 ,1
002022,科华生物,32 ,0 ,0
002021,中捷资源,26 ,10,0
002019,亿帆医药,14 ,0 ,0
002018,*ST华信 ,37 ,4 ,0
002017,东信和平,37 ,7 ,0
002016,世荣兆业,35 ,5 ,0
002014,永新股份,68 ,11,0
002013,中航机电,77 ,6 ,2.57
002012,凯恩股份,6  ,14,0.46
002010,传化智联,44 ,5 ,0
002009,天奇股份,19 ,0 ,0
002008,大族激光,42 ,0 ,0
002007,华兰生物,51 ,2 ,2.01
002006,精功科技,43 ,0 ,0
002005,德豪润达,40 ,11,0
002004,华邦健康,63 ,16,0
002003,伟星股份,75 ,0 ,0
002002,鸿达兴业,49 ,1 ,0
002001,新 和 成,44 ,0 ,0
001979,招商蛇口,42 ,5 ,0
001965,招商公路,22 ,14,0
001896,豫能控股,59 ,7 ,0
001696,宗申动力,61 ,7 ,0
000999,华润三九,68 ,0 ,0
000998,隆平高科,51 ,12,0
000996,中国中期,7  ,7 ,0
000995,*ST皇台 ,36 ,2 ,0
000993,闽东电力,28 ,6 ,0
000990,诚志股份,55 ,0 ,0
000989,九 芝 堂,55 ,0 ,0
000988,华工科技,20 ,0 ,0
000987,越秀金控,28 ,6 ,0
000985,大庆华科,32 ,5 ,0
000983,西山煤电,48 ,6 ,0
000982,*ST 中绒,56 ,3 ,0
000981,银亿股份,79 ,0 ,0
000980,众泰汽车,42 ,5 ,0
000979,中弘股份,26 ,5 ,0
000978,桂林旅游,48 ,13,0
000977,浪潮信息,23 ,0 ,0
000976,华铁股份,30 ,13,0
000975,银泰资源,83 ,0 ,0
000973,佛塑科技,34 ,0 ,0
000971,高升控股,19 ,4 ,0
000970,中科三环,21 ,0 ,0
000969,安泰科技,48 ,6 ,0
000967,盈峰环境,54 ,13,0
000966,长源电力,59 ,14,0
000965,天保基建,54 ,6 ,0
000963,华东医药,132,0 ,0
000962,东方钽业,35 ,15,0
000961,中南建设,70 ,4 ,0
000960,锡业股份,23 ,6 ,0
000959,首钢股份,58 ,6 ,0
000958,东方能源,44 ,10,0
000957,中通客车,17 ,10,0
000955,欣龙控股,11 ,7 ,2.83
000952,广济药业,14 ,0 ,0
000951,中国重汽,50 ,6 ,0
000949,新乡化纤,78 ,10,0
000948,南天信息,25 ,6 ,0
000939,*ST凯迪 ,66 ,0 ,0
000938,紫光股份,23 ,11,0
000937,冀中能源,63 ,14,0
000933,神火股份,11 ,6 ,0
000932,华菱钢铁,34 ,6 ,2.7
000931,中 关 村,55 ,11,0
000930,中粮生化,10 ,8 ,0
000929,兰州黄河,28 ,6 ,0
000928,中钢国际,15 ,7 ,0
000927,一汽夏利,56 ,10,0
000926,福星股份,38 ,6 ,0
000925,众合科技,32 ,14,0
000923,河北宣工,18 ,13,0
000921,海信科龙,42 ,5 ,0
000920,南方汇通,47 ,11,0
000919,金陵药业,59 ,14,0
000918,嘉凯城  ,73 ,14,0
000917,电广传媒,32 ,10,0
000915,山大华特,12 ,4 ,0
000913,钱江摩托,81 ,0 ,0
000911,南宁糖业,41 ,10,0
000910,大亚圣象,52 ,2 ,0
000909,数源科技,43 ,6 ,0
000908,景峰医药,46 ,11,0
000906,浙商中拓,62 ,11,0
000905,厦门港务,44 ,12,0
000903,云内动力,59 ,13,0
000902,新洋丰  ,70 ,0 ,0
000901,航天科技,28 ,7 ,0
000900,现代投资,65 ,6 ,0
000899,赣能股份,74 ,13,0
000898,鞍钢股份,85 ,14,0.83
000897,津滨发展,60 ,13,0
000895,双汇发展,127,0 ,0
000892,欢瑞世纪,47 ,0 ,0
000890,法 尔 胜,26 ,4 ,0
000888,峨眉山Ａ,45 ,0 ,0
000887,中鼎股份,64 ,5 ,0
000886,海南高速,16 ,4 ,0
000885,同力水泥,31 ,16,0
000883,湖北能源,85 ,17,0
000882,华联股份,39 ,12,0
000881,中广核技,36 ,0 ,0
000880,潍柴重机,43 ,13,0
000878,云南铜业,42 ,6 ,0
000877,天山股份,16 ,6 ,0
000876,新 希 望,72 ,14,0
000875,吉电股份,49 ,13,0
000863,三湘印象,76 ,8 ,0
000862,银星能源,29 ,14,0
000861,海印股份,71 ,6 ,0
000860,顺鑫农业,73 ,3 ,3.92
000859,国风塑业,58 ,13,0
000858,五 粮 液,92 ,3 ,0
000852,石化机械,18 ,7 ,0.56
000851,高鸿股份,26 ,11,0
000850,华茂股份,58 ,12,0
000848,承德露露,59 ,0 ,1.65
000839,中信国安,40 ,10,0
000838,财信发展,44 ,5 ,0
000837,秦川机床,29 ,7 ,0
000836,鑫茂科技,20 ,10,0
000835,长城动漫,33 ,12,0
000833,粤桂股份,47 ,12,0
000831,五矿稀土,17 ,0 ,0
000830,鲁西化工,24 ,0 ,0
000829,天音控股,54 ,13,0
000828,东莞控股,83 ,13,0
000826,启迪桑德,57 ,10,0
000823,超声电子,8  ,0 ,0
000822,山东海化,19 ,5 ,0
000820,神雾节能,4  ,9 ,0
000819,岳阳兴长,25 ,2 ,0
000818,航锦科技,40 ,0 ,0
000816,*ST慧业 ,10 ,10,0
000815,美利云  ,40 ,6 ,0
000812,陕西金叶,8  ,3 ,0
000811,冰轮环境,54 ,11,0
000810,创维数字,37 ,0 ,0
000809,铁岭新城,51 ,10,0
000807,云铝股份,12 ,6 ,0
000806,银河生物,5  ,4 ,0
000803,*ST金宇 ,83 ,0 ,0
000802,北京文化,10 ,0 ,4.05
000800,一汽轿车,49 ,13,0
000798,中水渔业,63 ,6 ,0
000797,中国武夷,70 ,3 ,0
000796,凯撒旅游,16 ,0 ,0
000795,英洛华  ,8  ,10,0
000793,华闻传媒,22 ,0 ,0
000792,盐湖股份,43 ,0 ,0
000791,甘肃电投,41 ,0 ,0
000790,泰合健康,13 ,0 ,0
000788,北大医药,21 ,1 ,0
000786,北新建材,40 ,15,0
000785,武汉中商,42 ,15,0
000783,长江证券,78 ,14,0
000782,美达股份,56 ,13,0
000780,平庄能源,67 ,6 ,0
000778,新兴铸管,55 ,16,0
000777,中核科技,36 ,22,0
000776,广发证券,74 ,6 ,0
000768,中航飞机,50 ,6 ,0.35
000767,漳泽电力,82 ,13,0
000766,通化金马,38 ,3 ,0
000762,西藏矿业,18 ,6 ,0
000761,本钢板材,64 ,7 ,0
000759,中百集团,55 ,4 ,0
000758,中色股份,60 ,6 ,0
000757,浩物股份,18 ,0 ,0.33
000756,新华制药,33 ,0 ,0
000755,*ST三维 ,61 ,8 ,0
000753,漳州发展,54 ,13,0
000752,西藏发展,17 ,10,0
000751,锌业股份,53 ,11,0
000750,国海证券,69 ,6 ,0
000739,普洛药业,69 ,2 ,1.99
000738,航发控制,29 ,8 ,0
000737,*ST南风 ,59 ,9 ,0
000735,罗 牛 山,23 ,4 ,0
000732,泰禾集团,43 ,6 ,0
000731,四川美丰,31 ,13,0
000729,燕京啤酒,83 ,13,0
000728,国元证券,61 ,5 ,0
000727,华东科技,36 ,5 ,0
000726,鲁 泰Ａ ,47 ,0 ,0
000725,京东方Ａ,21 ,13,0
000723,美锦能源,29 ,0 ,0
000722,湖南发展,55 ,6 ,0
000721,西安饮食,29 ,8 ,0
000720,*ST新能 ,52 ,7 ,0
000719,中原传媒,72 ,10,0
000718,苏宁环球,65 ,5 ,0
000716,黑芝麻  ,38 ,11,0
000715,中兴商业,67 ,7 ,0
000713,丰乐种业,12 ,0 ,2.42
000712,锦龙股份,53 ,6 ,0
000710,贝瑞基因,20 ,0 ,0
000709,河钢股份,65 ,6 ,0
000708,大冶特钢,50 ,12,0
000707,*ST双环 ,34 ,13,0
000705,浙江震元,39 ,22,0
000703,恒逸石化,107,13,0
000702,正虹科技,17 ,13,0
000701,厦门信达,21 ,0 ,0
000700,模塑科技,55 ,6 ,0
000698,沈阳化工,33 ,7 ,0
000697,炼石有色,44 ,14,0
000692,惠天热电,56 ,7 ,0
000691,亚太实业,15 ,3 ,0
000690,宝新能源,81 ,0 ,0
000687,华讯方舟,17 ,0 ,0
000686,东北证券,64 ,6 ,0
000685,中山公用,75 ,7 ,0
000683,远兴能源,31 ,14,0
000682,东方电子,70 ,10,0
000681,视觉中国,34 ,0 ,0
000680,山推股份,40 ,11,0
000679,大连友谊,50 ,4 ,0
000678,襄阳轴承,33 ,4 ,0
000677,恒天海龙,45 ,0 ,0.5
000676,智度股份,25 ,0 ,0
000672,上峰水泥,9  ,13,0
000671,阳 光 城,62 ,6 ,0
000668,荣丰控股,65 ,0 ,0
000667,美好置业,66 ,21,0
000665,湖北广电,31 ,10,0
000663,永安林业,24 ,5 ,0
000662,天夏智慧,19 ,7 ,0
000661,长春高新,78 ,0 ,2.82
000659,珠海中富,31 ,9 ,0
000657,中钨高新,31 ,12,0
000656,金科股份,83 ,19,0
000655,*ST金岭 ,43 ,11,0
000652,泰达股份,57 ,7 ,0
000651,格力电器,76 ,0 ,0
000650,仁和药业,35 ,1 ,4.23
000639,西王食品,39 ,0 ,0.59
000638,万方发展,13 ,10,0
000637,茂化实华,30 ,6 ,0
000635,英 力 特,41 ,12,0
000632,三木集团,44 ,3 ,0
000631,顺发恒业,70 ,5 ,0
000630,铜陵有色,67 ,10,0
000628,高新发展,18 ,13,0
000627,天茂集团,45 ,6 ,0
000626,远大控股,34 ,5 ,0
000625,长安汽车,71 ,4 ,0
000623,吉林敖东,56 ,6 ,0
000622,恒立实业,63 ,13,0
000620,新华联  ,70 ,11,0
000619,海螺型材,52 ,5 ,0
000617,中油资本,62 ,13,0
000616,海航投资,38 ,0 ,0
000613,大东海A ,18 ,4 ,0
000612,焦作万方,70 ,4 ,0
000610,西安旅游,24 ,10,0
000609,中迪投资,33 ,6 ,0
000608,阳光股份,70 ,4 ,0
000607,华媒控股,72 ,6 ,0
000606,顺利办  ,44 ,4 ,0
000605,渤海股份,25 ,4 ,0
000601,韶能股份,69 ,14,0
000600,建投能源,34 ,13,0
000599,青岛双星,50 ,6 ,0
000598,兴蓉环境,71 ,13,0
000597,东北制药,46 ,2 ,2.28
000596,古井贡酒,111,0 ,2.71
000593,大通燃气,14 ,0 ,0
000592,平潭发展,36 ,7 ,0
000591,太阳能  ,48 ,8 ,0
000590,启迪古汉,51 ,0 ,0
000589,黔轮胎Ａ,70 ,13,0
000587,金洲慈航,6  ,4 ,0
000586,汇源通信,37 ,3 ,0
000585,*ST东电 ,35 ,11,0
000584,哈工智能,68 ,0 ,0
000582,北部湾港,20 ,13,0
000581,威孚高科,38 ,13,0
000576,广东甘化,72 ,0 ,0
000573,粤宏远Ａ,46 ,4 ,0
000572,海马汽车,33 ,3 ,0
000571,新大洲Ａ,11 ,5 ,0
000570,苏常柴Ａ,62 ,6 ,0
000568,泸州老窖,90 ,0 ,0
000567,海德股份,8  ,0 ,0
000566,海南海药,51 ,0 ,0
000565,渝三峡Ａ,38 ,0 ,0
000564,供销大集,53 ,0 ,0
000563,陕国投Ａ,60 ,2 ,0
000561,烽火电子,46 ,22,0
000559,万向钱潮,76 ,4 ,0
000558,莱茵体育,14 ,6 ,0
000557,西部创业,42 ,13,0
000555,神州信息,19 ,0 ,0
000554,泰山石油,10 ,5 ,0
000552,靖远煤电,52 ,13,0
000551,创元科技,53 ,14,0
000550,江铃汽车,66 ,11,0
000548,湖南投资,49 ,7 ,0
000547,航天发展,22 ,6 ,0
000546,金圆股份,68 ,6 ,0
000544,中原环保,65 ,10,0
000543,皖能电力,46 ,20,0
000541,佛山照明,71 ,11,0
000539,粤电力Ａ,91 ,21,0
000537,广宇发展,16 ,7 ,0
000536,华映科技,63 ,6 ,0
000533,万 家 乐,10 ,10,0
000532,华金资本,7  ,13,0
000531,穗恒运Ａ,78 ,13,0
000530,大冷股份,19 ,13,0
000529,广弘控股,59 ,10,0
000528,柳 工   ,31 ,11,1.68
000525,红 太 阳,58 ,0 ,0
000524,岭南控股,57 ,10,0
000523,广州浪奇,47 ,6 ,0
000521,长虹美菱,55 ,5 ,0
000520,长航凤凰,32 ,12,0
000518,四环生物,67 ,4 ,0
000517,荣安地产,51 ,6 ,0
000516,国际医学,38 ,5 ,0.36
000514,渝 开 发,38 ,7 ,0
000513,丽珠集团,47 ,0 ,0
000510,金路集团,28 ,0 ,0
000509,华塑控股,17 ,4 ,0
000507,珠海港  ,12 ,6 ,0
000506,中润资源,16 ,6 ,0
000505,京粮控股,12 ,11,0
000504,南华生物,101,0 ,0
000503,国新健康,45 ,0 ,0
000502,绿景控股,42 ,9 ,0
000501,鄂武商Ａ,54 ,12,0
000498,山东路桥,29 ,9 ,0
000488,晨鸣纸业,23 ,6 ,0
000430,张家界  ,61 ,0 ,0
000429,粤高速Ａ,43 ,12,0
000428,华天酒店,70 ,7 ,0
000425,徐工机械,49 ,9 ,0
000423,东阿阿胶,49 ,0 ,0
000422,*ST宜化 ,30 ,13,0
000421,南京公用,66 ,6 ,0
000420,吉林化纤,61 ,7 ,0
000419,通程控股,53 ,13,0
000418,小天鹅Ａ,127,0 ,0
000417,合肥百货,65 ,8 ,0
000416,民生控股,33 ,0 ,0
000415,渤海金控,59 ,0 ,0
000413,东旭光电,28 ,0 ,0
000411,英特集团,64 ,0 ,0.4
000410,沈阳机床,21 ,10,0
000409,*ST地矿 ,22 ,4 ,0
000407,胜利股份,39 ,5 ,0
000404,长虹华意,47 ,13,0
000402,金 融 街,73 ,7 ,0
000401,冀东水泥,15 ,7 ,0.59
000400,许继电气,52 ,11,0
000338,潍柴动力,37 ,5 ,0
000333,美的集团,111,5 ,0
000166,申万宏源,90 ,7 ,0
000159,国际实业,48 ,6 ,0
000158,常山北明,51 ,6 ,0
000157,中联重科,72 ,7 ,0
000156,华数传媒,71 ,4 ,0
000153,丰原药业,32 ,0 ,0
000151,中成股份,7  ,13,0
000150,宜华健康,106,4 ,0
000100,TCL 集团,52 ,13,0
000099,中信海直,38 ,13,0
000096,广聚能源,83 ,5 ,0
000090,天健集团,56 ,11,0
000089,深圳机场,59 ,0 ,0
000088,盐 田 港,67 ,5 ,0
000078,海王生物,42 ,4 ,0
000070,特发信息,28 ,0 ,0
000069,华侨城Ａ,76 ,6 ,0
000068,华控赛格,67 ,10,0
000066,中国长城,26 ,14,0.46
000065,北方国际,47 ,12,0
000063,中兴通讯,17 ,0 ,1.43
000062,深圳华强,57 ,13,0
000061,农 产 品,77 ,4 ,0
000060,中金岭南,53 ,7 ,0
000059,华锦股份,40 ,13,0
000058,深 赛 格,44 ,10,0
000056,皇庭国际,53 ,0 ,0
000055,方大集团,25 ,10,0
000050,深天马Ａ,29 ,14,0
000049,德赛电池,21 ,0 ,0
000048,*ST康达 ,85 ,5 ,0
000046,泛海控股,84 ,0 ,0.45
000045,深纺织Ａ,30 ,7 ,0
000043,中航善达,61 ,14,0
000042,中洲控股,78 ,2 ,0
000040,东旭蓝天,53 ,10,0
000039,中集集团,48 ,5 ,0
000037,深南电A ,39 ,6 ,0
000036,华联控股,46 ,0 ,0
000035,中国天楹,53 ,0 ,0
000034,神州数码,27 ,0 ,0.07
000032,深桑达Ａ,27 ,12,0
000031,中粮地产,58 ,14,0
000030,富奥股份,82 ,0 ,0
000028,国药一致,63 ,0 ,0
000027,深圳能源,86 ,6 ,0
000026,飞亚达Ａ,53 ,6 ,0
000025,特 力Ａ ,25 ,12,0
000023,深天地Ａ,13 ,13,0
000022,深赤湾Ａ,63 ,3 ,0
000021,深科技  ,29 ,14,0
000020,深华发Ａ,16 ,4 ,0
000019,深深宝Ａ,7  ,6 ,0
000018,神州长城,9  ,11,0
000017,深中华A ,16 ,3 ,0
000016,深康佳Ａ,52 ,3 ,0
000014,沙河股份,6  ,4 ,0
000012,南 玻Ａ ,61 ,6 ,0
000011,深物业A ,12 ,5 ,0
000009,中国宝安,48 ,0 ,0
000007,全新好  ,49 ,0 ,0
000006,深振业Ａ,25 ,11,0
000005,世纪星源,45 ,12,0
000002,万 科Ａ ,116,5 ,0
000001,平安银行,76 ,7 ,0
603666,亿嘉和  ,0  ,0 ,0
603657,春光科技,0  ,0 ,0
603650,彤程新材,0  ,0 ,0
603596,伯特利  ,0  ,1 ,0
603587,地素时尚,0  ,0 ,0
603486,科沃斯  ,0  ,0 ,0
603348,文灿股份,0  ,0 ,0
603301,振德医疗,0  ,0 ,0
603259,药明康德,0  ,0 ,0
603214,爱婴室  ,0  ,0 ,0
603105,芯能科技,0  ,8 ,0
603045,福达合金,0  ,0 ,0
603013,亚普股份,0  ,0 ,0
601990,南京证券,0  ,0 ,0
601869,长飞光纤,0  ,0 ,0
601330,绿色动力,0  ,0 ,0
601138,工业富联,0  ,4 ,0
601066,中信建投,0  ,5 ,0
600929,湖南盐业,0  ,0 ,0
300750,宁德时代,0  ,0 ,0
300747,锐科激光,0  ,0 ,0
300746,汉嘉设计,0  ,4 ,0
300745,欣锐科技,0  ,0 ,0
300743,天地数码,0  ,0 ,0
300742,越博动力,0  ,0 ,0
300504,天邑股份,0  ,0 ,0
300454,深信服  ,0  ,0 ,0
002932,明德生物,0  ,7 ,0
002931,锋龙股份,0  ,0 ,0
002930,宏川智慧,0  ,0 ,0
603897,长城科技,0  ,0 ,0
603876,鼎胜新材,0  ,0 ,0
603773,沃格光电,0  ,0 ,0
603733,仙鹤股份,0  ,0 ,0
603713,密尔克卫,0  ,4 ,0
603706,东方环宇,0  ,8 ,0
603693,江苏新能,0  ,0 ,0
